
# Summary table 

Name , Value
Genome , AGPv3.27 
Date , 2016-11-04 21:19
SnpEff_version , SnpEff 4.1l (build 2015-10-03), by Pablo Cingolani
Command_line_arguments , SnpEff  -csvStats snpeffsamtools.txt AGPv3.27 PHETE-FILTERED_allsamplesafterfiltering.dupremoved.mpileup.vcf -s summarysamtools 
Warnings , 53 
Number_of_lines_in_input_file, 1534
Number_of_variants_before_filter, 1555
Number_of_not_variants , 0
Number_of_variants_processed , 1555
Number_of_known_variants <br>(i.e. non-empty ID) , 0, 0% 
Number_of_effects , 4471 
Genome_total_length ,2067622303 
Genome_effective_length ,1430361547 
Change_rate , 919846 

# Change rate by chromosome

Chromosome , Length , Changes , Change_rate 
1 , 301433382 , 155 , 1944731
2 , 237893627 , 359 , 662656
3 , 232227970 , 339 , 685038
7 , 176810253 , 23 , 7687402
8 , 175347686 , 206 , 851202
9 , 157021084 , 401 , 391573
10 , 149627545 , 72 , 2078160

# Effects by impact

Type , Count , Percent 
HIGH , 9 , 0.201297% 
LOW , 228 , 5.09953% 
MODERATE , 161 , 3.600984% 
MODIFIER , 4073 , 91.098188% 

# Effects by functional class

Type , Count , Percent 
MISSENSE , 161 , 44.475138% 
NONSENSE , 6 , 1.657459% 
SILENT , 195 , 53.867403% 

Missense_Silent_ratio, 0.825641

# Count by effects

Type , Count , Percent 
3_prime_UTR_variant , 127 , 2.840528% 
5_prime_UTR_premature_start_codon_gain_variant , 27 , 0.603892% 
5_prime_UTR_variant , 213 , 4.764035% 
downstream_gene_variant , 1578 , 35.294118% 
intergenic_region , 680 , 15.209125% 
intron_variant , 647 , 14.471036% 
missense_variant , 161 , 3.600984% 
splice_acceptor_variant+intron_variant , 3 , 0.067099% 
splice_region_variant , 1 , 0.022366% 
splice_region_variant+intron_variant , 5 , 0.111832% 
stop_gained , 6 , 0.134198% 
synonymous_variant , 195 , 4.36144% 
upstream_gene_variant , 828 , 18.519347% 

# Count by genomic region

Type , Count , Percent 
DOWNSTREAM , 1578 , 35.294118% 
EXON , 362 , 8.096623% 
INTERGENIC , 680 , 15.209125% 
INTRON , 647 , 14.471036% 
SPLICE_SITE_ACCEPTOR , 3 , 0.067099% 
SPLICE_SITE_REGION , 6 , 0.134198% 
UPSTREAM , 828 , 18.519347% 
UTR_3_PRIME , 127 , 2.840528% 
UTR_5_PRIME , 240 , 5.367927% 

# Quality 

Values , 30,31,32,33,34,36,37,38,39,40,43,44,46,47,48,49,50,51,53,54,56,63,65,66,70,71,72,73,74,75,76,77,82,87,88,89,90,91,93,95,98,99,100,102,103,105,106,107,111,112,113,117,121,122,123,125,130,131,134,135,136,137,138,139,140,142,143,150,152,154,161,165,168,169,170,173,177,178,179,182,185,186,193,194,195,198,200,201,203,209,210,213,219,224,229,231,233,234,235,237,241,244,245,250,251,255,258,260,268,273,274,275,280,284,286,293,295,296,298,299,300,302,306,311,317,322,332,336,344,346,347,350,352,353,354,355,358,359,360,362,363,365,366,367,371,373,374,376,377,379,380,387,392,394,395,403,404,405,406,408,410,412,418,419,421,426,427,429,430,432,434,438,439,441,444,445,452,458,459,460,461,463,469,471,473,476,480,481,482,483,484,488,489,490,492,498,499,504,506,508,509,510,512,513,514,517,520,521,523,524,525,528,529,530,531,533,545,547,548,551,554,555,556,558,561,563,567,568,569,571,577,578,579,582,590,591,595,597,600,612,613,615,616,620,623,624,627,629,636,637,640,641,642,644,645,646,647,650,657,659,662,664,665,666,667,668,669,671,672,673,675,678,682,684,685,690,692,700,701,703,709,710,713,715,720,722,723,727,729,736,738,742,743,746,749,751,752,756,763,765,767,774,779,780,781,785,787,791,795,805,815,821,823,825,826,827,828,835,840,847,851,855,856,867,868,875,878,879,886,887,888,895,896,902,906,907,909,910,912,915,917,921,923,924,926,927,929,930,931,935,939,941,944,945,946,947,948,949,953,956,959,960,961,968,970,972,978,979,982,986,994,995,999
Count , 1,1,1,1,2,2,2,2,1,1,2,6,1,1,2,2,1,3,2,1,1,2,3,1,2,1,2,1,1,1,1,1,1,1,2,2,1,1,1,2,1,1,1,1,1,1,1,1,1,1,1,2,1,1,1,1,1,1,1,2,1,1,1,1,1,1,1,1,3,2,1,1,1,1,1,1,1,1,1,1,1,1,2,3,1,1,1,1,2,1,1,1,3,1,1,1,2,1,1,1,1,1,2,2,2,1,1,2,2,1,3,1,1,1,3,2,2,1,1,1,2,1,2,1,1,1,1,1,1,2,1,1,2,1,1,1,1,2,2,1,1,1,1,1,1,1,1,1,2,2,1,1,1,1,2,2,1,2,1,4,2,1,2,5,5,1,1,1,1,1,2,4,1,1,1,2,2,1,2,1,1,2,1,1,1,1,2,1,1,1,1,2,1,1,1,3,1,1,1,1,1,2,2,1,1,1,1,1,1,1,1,3,1,1,1,1,1,1,1,1,1,1,2,1,1,1,3,1,1,2,1,1,1,1,2,1,2,1,1,1,1,2,1,1,1,1,2,1,1,1,1,2,2,2,2,1,1,1,1,1,1,2,1,1,1,3,1,1,1,1,1,1,1,1,2,1,1,2,1,1,1,1,1,1,1,1,1,1,1,1,1,1,1,1,2,1,1,1,1,2,1,1,1,1,1,1,2,1,1,1,2,1,1,1,1,1,1,1,1,1,1,1,1,1,1,1,2,1,1,1,1,1,1,2,1,2,2,2,1,1,1,1,1,1,1,1,1,1,1,1,1,2,2,1,2,2,1,1,1,1,1,1,1,1,1,1,1,1,1,1,2,1,1045

# InDel lengths


# Base changes

base  , A  , C  , G  , T 
 A  , 0  , 81  , 193  , 54 
 C  , 89  , 0  , 83  , 276 
 G  , 272  , 94  , 0  , 81 
 T  , 66  , 200  , 66  , 0 

# Ts/Tv summary

Transitions , 38810
Transversions , 24011
Ts_Tv_ratio , 1.616343

# Ts/Tv : All variants

Sample ,ARG482_1,ARG482_3,ARG482_4,ARG482_5,BOV730_1,BOV730_2,BOV730_3,BOV730_4,BOV730_5,BOV461_1,BOV461_2,BOV461_4,BOV461_5,BOV968_1,BOV968_2,BOV968_3,BOV968_4,BOV968_5,BOV1133_1,BOV1133_2,BOV1133_3,BOV1133_4,BOV1133_5,BOV1083_1,BOV1083_2,BOV1083_3,BOV1083_4,BOV1083_5,BOV389_1,BOV389_2,BOV389_3,BOV389_4,BOV389_5,BOV320_1,BOV320_2,BOV320_3,BOV320_4,BOV320_5,BOV705_1,BOV705_2,BOV705_3,BOV705_5,BOV360_1,BOV360_2,BOV360_3,BOV360_4,BOV360_5,BOV1002_1,BOV1002_2,BOV1002_3,BOV1002_4,BOV1002_5,BOV1037_1,BOV1037_2,BOV1037_3,BOV1037_4,BOV1037_5,BOV438_1,BOV438_2,BOV438_3,BOV438_4,BOV438_5,BOV1062_1,BOV1062_2,BOV1062_3,BOV1062_4,BOV1062_5,BOV585_1,BOV585_2,BOV585_3,BOV585_4,BOV585_5,BOV725_1,BOV725_2,BOV725_3,BOV725_4,BOV725_5,BOV1032_1,BOV1032_2,BOV1032_3,BOV1032_4,BOV1032_5,B73_1,CML322,B73xCML322,BOV623_1,BOV623_2,BOV623_3,BOV623_4,BOV623_5,B73_2,Mo17,B73xMo17,Total
Transitions ,310,347,524,379,427,413,485,534,358,467,478,356,454,527,414,477,402,359,307,435,329,510,381,441,428,263,514,479,539,495,532,363,467,152,302,320,444,427,534,348,104,244,348,349,528,521,474,64,77,251,164,400,616,581,584,554,507,444,578,535,469,530,553,476,487,558,528,516,533,516,538,421,434,462,458,473,468,494,487,608,437,514,12,563,275,414,400,387,313,366,10,319,147,38810
Transversions ,242,285,339,278,282,260,311,346,234,299,303,246,277,365,253,313,267,254,178,277,212,297,239,255,240,137,279,288,331,305,331,227,263,92,185,221,286,279,324,213,78,157,200,211,318,306,265,46,58,136,87,220,383,327,344,325,295,232,322,324,299,309,324,260,295,325,312,321,333,303,311,274,240,282,261,306,276,291,307,358,284,336,10,337,147,287,274,269,219,269,13,227,105,24011
Ts/Tv ,1.281,1.218,1.546,1.363,1.514,1.588,1.559,1.543,1.530,1.562,1.578,1.447,1.639,1.444,1.636,1.524,1.506,1.413,1.725,1.570,1.552,1.717,1.594,1.729,1.783,1.920,1.842,1.663,1.628,1.623,1.607,1.599,1.776,1.652,1.632,1.448,1.552,1.530,1.648,1.634,1.333,1.554,1.740,1.654,1.660,1.703,1.789,1.391,1.328,1.846,1.885,1.818,1.608,1.777,1.698,1.705,1.719,1.914,1.795,1.651,1.569,1.715,1.707,1.831,1.651,1.717,1.692,1.607,1.601,1.703,1.730,1.536,1.808,1.638,1.755,1.546,1.696,1.698,1.586,1.698,1.539,1.530,1.200,1.671,1.871,1.443,1.460,1.439,1.429,1.361,0.769,1.405,1.400,1.616


# Ts/Tv : Known variants

No results available (empty input?)

# Allele frequency

# Allele frequency : All variants

Values , 0,2,3,4,5,6,7,8,9,10,11,12,13,14,15,16,17,18,19,20,21,22,23,24,25,26,27,28,29,30,31,32,33,34,35,36,37,38,39,40,41,42,43,44,45,46,47,48,49,50,51,52,53,54,55,56,57,58,59,60,61,62,63,64,65,66,67,68,69,70,71,72,73,74,75,76,77,78,79,80,81,82,83,84,85,86,87,88,89,90,91,92,93,94,95,96,97
Count , 2,156,94,71,64,67,55,46,29,39,42,35,37,26,32,37,11,13,13,25,16,14,10,3,15,11,10,13,26,8,11,8,25,24,19,14,18,11,10,13,8,6,7,2,9,2,8,6,6,9,7,8,6,6,9,9,20,13,11,19,16,18,4,6,3,4,3,1,2,6,1,12,2,3,5,1,1,4,3,2,2,5,2,6,9,4,2,5,6,4,8,13,3,8,9,5,2

# Allele Count

Values , 0,1,2,3,4,5,6,7,8,9,10,11,12,13,14,15,16,17,18,19,20,21,22,23,24,25,26,27,28,29,30,31,32,33,34,35,36,37,38,39,40,41,42,43,44,45,46,47,48,49,50,51,52,53,54,55,56,57,58,59,60,61,62,63,64,65,66,67,68,69,70,71,72,73,74,75,76,77,78,79,80,81,82,83,84,85,86,87,88,89,90,91,92,93,94,95,96,97,98,99,100,101,102,103,104,105,106,107,108,109,110,111,113,114,115,116,117,118,119,121,122,123,124,125,126,127,130,131,132,133,134,135,136,138,141,142,143,144,145,147,148,149,151,153,155,156,157,158,159,161,162,163,164,165,166,168,169,170,171,172,175,177
Count , 2,4,5,22,112,77,61,42,44,33,42,24,47,41,23,18,29,27,21,33,44,24,10,10,20,12,8,17,10,17,8,5,6,10,7,10,10,12,10,6,9,9,4,2,2,5,7,11,9,3,5,21,14,12,7,6,9,6,5,2,4,14,6,10,12,6,13,12,7,6,2,4,11,4,3,1,7,5,3,3,4,2,2,7,7,3,1,5,1,10,7,5,7,7,2,5,7,3,4,4,4,4,5,5,11,6,14,4,5,9,6,11,15,2,2,1,2,1,4,1,1,1,1,2,3,4,1,3,2,5,2,2,1,2,3,4,1,2,3,2,5,1,1,4,3,1,2,2,1,2,1,2,2,1,3,1,1,3,1,1,1,1

# Hom/Het table

Sample_names , ARG482_1, ARG482_3, ARG482_4, ARG482_5, BOV730_1, BOV730_2, BOV730_3, BOV730_4, BOV730_5, BOV461_1, BOV461_2, BOV461_4, BOV461_5, BOV968_1, BOV968_2, BOV968_3, BOV968_4, BOV968_5, BOV1133_1, BOV1133_2, BOV1133_3, BOV1133_4, BOV1133_5, BOV1083_1, BOV1083_2, BOV1083_3, BOV1083_4, BOV1083_5, BOV389_1, BOV389_2, BOV389_3, BOV389_4, BOV389_5, BOV320_1, BOV320_2, BOV320_3, BOV320_4, BOV320_5, BOV705_1, BOV705_2, BOV705_3, BOV705_5, BOV360_1, BOV360_2, BOV360_3, BOV360_4, BOV360_5, BOV1002_1, BOV1002_2, BOV1002_3, BOV1002_4, BOV1002_5, BOV1037_1, BOV1037_2, BOV1037_3, BOV1037_4, BOV1037_5, BOV438_1, BOV438_2, BOV438_3, BOV438_4, BOV438_5, BOV1062_1, BOV1062_2, BOV1062_3, BOV1062_4, BOV1062_5, BOV585_1, BOV585_2, BOV585_3, BOV585_4, BOV585_5, BOV725_1, BOV725_2, BOV725_3, BOV725_4, BOV725_5, BOV1032_1, BOV1032_2, BOV1032_3, BOV1032_4, BOV1032_5, B73_1, CML322, B73xCML322, BOV623_1, BOV623_2, BOV623_3, BOV623_4, BOV623_5, B73_2, Mo17, B73xMo17
Reference , 1018, 978, 872, 964, 820, 930, 808, 859, 1017, 889, 859, 960, 891, 719, 952, 830, 943, 868, 929, 861, 928, 858, 943, 910, 841, 589, 729, 789, 773, 867, 765, 985, 779, 265, 780, 758, 863, 916, 818, 840, 266, 429, 692, 846, 792, 768, 829, 228, 267, 667, 452, 929, 691, 806, 806, 792, 682, 878, 676, 827, 891, 883, 832, 883, 762, 828, 764, 801, 834, 817, 762, 930, 824, 927, 908, 909, 926, 850, 830, 790, 837, 788, 1475, 872, 1125, 926, 957, 958, 1064, 977, 1470, 1118, 1245
Het , 338, 310, 209, 319, 341, 293, 378, 212, 258, 304, 493, 308, 237, 374, 359, 388, 307, 271, 95, 252, 153, 279, 196, 246, 196, 144, 297, 233, 392, 248, 243, 256, 254, 46, 201, 155, 280, 258, 300, 269, 48, 111, 256, 244, 392, 447, 311, 52, 49, 189, 67, 306, 283, 348, 208, 243, 268, 122, 274, 199, 218, 157, 185, 210, 192, 245, 202, 365, 294, 425, 431, 309, 278, 206, 293, 245, 216, 273, 300, 244, 329, 290, 16, 78, 380, 261, 302, 300, 236, 275, 21, 62, 244
Hom , 107, 161, 327, 169, 184, 190, 209, 334, 167, 231, 144, 147, 247, 259, 154, 201, 181, 171, 195, 230, 194, 264, 212, 225, 236, 128, 248, 267, 239, 276, 310, 167, 238, 99, 143, 193, 225, 224, 279, 146, 67, 145, 146, 158, 227, 190, 214, 29, 43, 99, 92, 157, 358, 280, 360, 318, 267, 277, 313, 330, 275, 341, 346, 263, 295, 319, 319, 236, 286, 197, 209, 193, 198, 269, 213, 267, 264, 256, 247, 361, 196, 280, 3, 411, 21, 220, 186, 178, 148, 180, 1, 242, 4
Missing , 71, 85, 126, 82, 189, 121, 139, 129, 92, 110, 38, 119, 159, 182, 69, 115, 103, 224, 315, 191, 259, 133, 183, 153, 261, 673, 260, 245, 130, 143, 216, 126, 263, 1124, 410, 428, 166, 136, 137, 279, 1153, 849, 440, 286, 123, 129, 180, 1225, 1175, 579, 923, 142, 202, 100, 160, 181, 317, 257, 271, 178, 150, 153, 171, 178, 285, 142, 249, 132, 120, 95, 132, 102, 234, 132, 120, 113, 128, 155, 157, 139, 172, 176, 40, 173, 8, 127, 89, 98, 86, 102, 42, 112, 41


# Codon change table
	
codons  , AAA  , AAC  , AAG  , AAT  , ACA  , ACC  , ACG  , ACT  , AGA  , AGC  , AGG  , AGT  , ATA  , ATC  , ATG  , ATT  , CAA  , CAC  , CAG  , CAT  , CCA  , CCC  , CCG  , CCT  , CGA  , CGC  , CGG  , CGT  , CTA  , CTC  , CTG  , CTT  , GAA  , GAC  , GAG  , GAT  , GCA  , GCC  , GCG  , GCT  , GGA  , GGC  , GGG  , GGT  , GTA  , GTC  , GTG  , GTT  , TAA  , TAC  , TAG  , TAT  , TCA  , TCC  , TCG  , TCT  , TGA  , TGC  , TGG  , TGT  , TTA  , TTC  , TTG  , TTT 
 AAA   , 0  , 0  , 3  , 0  , 0  , 0  , 0  , 0  , 1  , 0  , 0  , 0  , 0  , 0  , 0  , 0  , 0  , 0  , 0  , 0  , 0  , 0  , 0  , 0  , 0  , 0  , 0  , 0  , 0  , 0  , 0  , 0  , 0  , 0  , 0  , 0  , 0  , 0  , 0  , 0  , 0  , 0  , 0  , 0  , 0  , 0  , 0  , 0  , 0  , 0  , 0  , 0  , 0  , 0  , 0  , 0  , 0  , 0  , 0  , 0  , 0  , 0  , 0  , 0 
 AAC   , 2  , 0  , 0  , 5  , 0  , 0  , 0  , 0  , 0  , 0  , 0  , 0  , 0  , 0  , 0  , 0  , 0  , 0  , 0  , 0  , 0  , 0  , 0  , 0  , 0  , 0  , 0  , 0  , 0  , 0  , 0  , 0  , 0  , 1  , 0  , 0  , 0  , 0  , 0  , 0  , 0  , 0  , 0  , 0  , 0  , 0  , 0  , 0  , 0  , 0  , 0  , 0  , 0  , 0  , 0  , 0  , 0  , 0  , 0  , 0  , 0  , 0  , 0  , 0 
 AAG   , 1  , 0  , 0  , 0  , 0  , 0  , 0  , 0  , 0  , 0  , 0  , 0  , 0  , 0  , 0  , 0  , 0  , 0  , 0  , 0  , 0  , 0  , 0  , 0  , 0  , 0  , 0  , 0  , 0  , 0  , 0  , 0  , 0  , 0  , 0  , 0  , 0  , 0  , 0  , 0  , 0  , 0  , 0  , 0  , 0  , 0  , 0  , 0  , 0  , 0  , 0  , 0  , 0  , 0  , 0  , 0  , 0  , 0  , 0  , 0  , 0  , 0  , 0  , 0 
 AAT   , 1  , 0  , 0  , 0  , 0  , 0  , 0  , 0  , 0  , 0  , 0  , 1  , 0  , 0  , 0  , 0  , 0  , 0  , 0  , 0  , 0  , 0  , 0  , 0  , 0  , 0  , 0  , 0  , 0  , 0  , 0  , 0  , 0  , 0  , 0  , 0  , 0  , 0  , 0  , 0  , 0  , 0  , 0  , 0  , 0  , 0  , 0  , 0  , 0  , 0  , 0  , 0  , 0  , 0  , 0  , 0  , 0  , 0  , 0  , 0  , 0  , 0  , 0  , 0 
 ACA   , 0  , 0  , 0  , 0  , 0  , 1  , 2  , 1  , 0  , 0  , 0  , 0  , 0  , 0  , 0  , 0  , 0  , 0  , 0  , 0  , 0  , 0  , 0  , 0  , 0  , 0  , 0  , 0  , 0  , 0  , 0  , 0  , 0  , 0  , 0  , 0  , 0  , 0  , 0  , 0  , 0  , 0  , 0  , 0  , 0  , 0  , 0  , 0  , 0  , 0  , 0  , 0  , 0  , 0  , 0  , 0  , 0  , 0  , 0  , 0  , 0  , 0  , 0  , 0 
 ACC   , 0  , 0  , 0  , 0  , 1  , 0  , 0  , 1  , 0  , 0  , 0  , 0  , 0  , 1  , 0  , 0  , 0  , 0  , 0  , 0  , 0  , 0  , 0  , 0  , 0  , 0  , 0  , 0  , 0  , 0  , 0  , 0  , 0  , 0  , 0  , 0  , 0  , 2  , 0  , 0  , 0  , 0  , 0  , 0  , 0  , 0  , 0  , 0  , 0  , 0  , 0  , 0  , 0  , 0  , 0  , 0  , 0  , 0  , 0  , 0  , 0  , 0  , 0  , 0 
 ACG   , 0  , 0  , 1  , 0  , 6  , 0  , 0  , 3  , 0  , 0  , 0  , 0  , 0  , 0  , 1  , 0  , 0  , 0  , 0  , 0  , 0  , 0  , 0  , 0  , 0  , 0  , 0  , 0  , 0  , 0  , 0  , 0  , 0  , 0  , 0  , 0  , 0  , 0  , 2  , 0  , 0  , 0  , 0  , 0  , 0  , 0  , 0  , 0  , 0  , 0  , 0  , 0  , 0  , 0  , 1  , 0  , 0  , 0  , 0  , 0  , 0  , 0  , 0  , 0 
 ACT   , 0  , 0  , 0  , 0  , 0  , 0  , 0  , 0  , 0  , 0  , 0  , 1  , 0  , 0  , 0  , 0  , 0  , 0  , 0  , 0  , 0  , 0  , 0  , 0  , 0  , 0  , 0  , 0  , 0  , 0  , 0  , 0  , 0  , 0  , 0  , 0  , 0  , 0  , 0  , 0  , 0  , 0  , 0  , 0  , 0  , 0  , 0  , 0  , 0  , 0  , 0  , 0  , 0  , 0  , 0  , 0  , 0  , 0  , 0  , 0  , 0  , 0  , 0  , 0 
 AGA   , 0  , 0  , 0  , 0  , 0  , 0  , 0  , 0  , 0  , 0  , 0  , 0  , 0  , 0  , 0  , 0  , 0  , 0  , 0  , 0  , 0  , 0  , 0  , 0  , 0  , 0  , 0  , 0  , 0  , 0  , 0  , 0  , 0  , 0  , 0  , 0  , 0  , 0  , 0  , 0  , 1  , 0  , 0  , 0  , 0  , 0  , 0  , 0  , 0  , 0  , 0  , 0  , 0  , 0  , 0  , 0  , 0  , 0  , 0  , 0  , 0  , 0  , 0  , 0 
 AGC   , 0  , 0  , 0  , 0  , 0  , 0  , 0  , 0  , 0  , 0  , 0  , 3  , 0  , 0  , 0  , 0  , 0  , 0  , 0  , 0  , 0  , 0  , 0  , 0  , 0  , 0  , 0  , 0  , 0  , 0  , 0  , 0  , 0  , 0  , 0  , 0  , 0  , 0  , 0  , 0  , 0  , 0  , 0  , 0  , 0  , 0  , 0  , 0  , 0  , 0  , 0  , 0  , 0  , 0  , 0  , 0  , 0  , 0  , 0  , 0  , 0  , 0  , 0  , 0 
 AGG   , 0  , 0  , 3  , 0  , 0  , 0  , 0  , 0  , 2  , 0  , 0  , 0  , 0  , 0  , 0  , 0  , 0  , 0  , 0  , 0  , 0  , 0  , 0  , 0  , 0  , 0  , 1  , 0  , 0  , 0  , 0  , 0  , 0  , 0  , 0  , 0  , 0  , 0  , 0  , 0  , 0  , 0  , 0  , 0  , 0  , 0  , 0  , 0  , 0  , 0  , 0  , 0  , 0  , 0  , 0  , 0  , 0  , 0  , 0  , 0  , 0  , 0  , 0  , 0 
 AGT   , 0  , 0  , 0  , 2  , 0  , 0  , 0  , 0  , 0  , 0  , 0  , 0  , 0  , 0  , 0  , 0  , 0  , 0  , 0  , 0  , 0  , 0  , 0  , 0  , 0  , 0  , 0  , 0  , 0  , 0  , 0  , 0  , 0  , 0  , 0  , 0  , 0  , 0  , 0  , 0  , 0  , 0  , 0  , 1  , 0  , 0  , 0  , 0  , 0  , 0  , 0  , 0  , 0  , 0  , 0  , 0  , 0  , 0  , 0  , 0  , 0  , 0  , 0  , 0 
 ATA   , 0  , 0  , 0  , 0  , 0  , 0  , 0  , 0  , 0  , 0  , 0  , 0  , 0  , 0  , 0  , 1  , 0  , 0  , 0  , 0  , 0  , 0  , 0  , 0  , 0  , 0  , 0  , 0  , 0  , 0  , 0  , 0  , 0  , 0  , 0  , 0  , 0  , 0  , 0  , 0  , 0  , 0  , 0  , 0  , 0  , 0  , 0  , 0  , 0  , 0  , 0  , 0  , 0  , 0  , 0  , 0  , 0  , 0  , 0  , 0  , 0  , 0  , 0  , 0 
 ATC   , 0  , 0  , 0  , 0  , 0  , 0  , 0  , 0  , 0  , 0  , 0  , 0  , 0  , 0  , 0  , 1  , 0  , 0  , 0  , 0  , 0  , 0  , 0  , 0  , 0  , 0  , 0  , 0  , 0  , 0  , 0  , 0  , 0  , 0  , 0  , 0  , 0  , 0  , 0  , 0  , 0  , 0  , 0  , 0  , 0  , 1  , 0  , 0  , 0  , 0  , 0  , 0  , 0  , 0  , 0  , 0  , 0  , 0  , 0  , 0  , 0  , 0  , 0  , 0 
 ATG   , 0  , 0  , 0  , 0  , 0  , 0  , 0  , 0  , 0  , 0  , 0  , 0  , 0  , 0  , 0  , 0  , 0  , 0  , 0  , 0  , 0  , 0  , 0  , 0  , 0  , 0  , 0  , 0  , 0  , 0  , 0  , 0  , 0  , 0  , 0  , 0  , 0  , 0  , 0  , 0  , 0  , 0  , 0  , 0  , 0  , 0  , 1  , 0  , 0  , 0  , 0  , 0  , 0  , 0  , 0  , 0  , 0  , 0  , 0  , 0  , 0  , 0  , 1  , 0 
 ATT   , 0  , 0  , 0  , 0  , 0  , 0  , 0  , 0  , 0  , 0  , 0  , 0  , 0  , 1  , 0  , 0  , 0  , 0  , 0  , 0  , 0  , 0  , 0  , 0  , 0  , 0  , 0  , 0  , 0  , 0  , 0  , 0  , 0  , 0  , 0  , 0  , 0  , 0  , 0  , 0  , 0  , 0  , 0  , 0  , 0  , 0  , 0  , 1  , 0  , 0  , 0  , 0  , 0  , 0  , 0  , 0  , 0  , 0  , 0  , 0  , 0  , 0  , 0  , 0 
 CAA   , 0  , 0  , 0  , 0  , 0  , 0  , 0  , 0  , 0  , 0  , 0  , 0  , 0  , 0  , 0  , 0  , 0  , 0  , 3  , 0  , 0  , 0  , 0  , 0  , 0  , 0  , 0  , 0  , 0  , 0  , 0  , 0  , 0  , 0  , 0  , 0  , 0  , 0  , 0  , 0  , 0  , 0  , 0  , 0  , 0  , 0  , 0  , 0  , 1  , 0  , 0  , 0  , 0  , 0  , 0  , 0  , 0  , 0  , 0  , 0  , 0  , 0  , 0  , 0 
 CAC   , 0  , 0  , 0  , 0  , 0  , 0  , 0  , 0  , 0  , 0  , 0  , 0  , 0  , 0  , 0  , 0  , 0  , 0  , 0  , 5  , 0  , 0  , 0  , 0  , 0  , 2  , 0  , 0  , 0  , 0  , 0  , 0  , 0  , 0  , 0  , 0  , 0  , 0  , 0  , 0  , 0  , 0  , 0  , 0  , 0  , 0  , 0  , 0  , 0  , 0  , 0  , 0  , 0  , 0  , 0  , 0  , 0  , 0  , 0  , 0  , 0  , 0  , 0  , 0 
 CAG   , 0  , 0  , 0  , 0  , 0  , 0  , 0  , 0  , 0  , 0  , 0  , 0  , 0  , 0  , 0  , 0  , 3  , 1  , 0  , 2  , 0  , 0  , 0  , 0  , 0  , 0  , 0  , 0  , 0  , 0  , 0  , 0  , 0  , 0  , 0  , 0  , 0  , 0  , 0  , 0  , 0  , 0  , 0  , 0  , 0  , 0  , 0  , 0  , 0  , 0  , 2  , 0  , 0  , 0  , 0  , 0  , 0  , 0  , 0  , 0  , 0  , 0  , 0  , 0 
 CAT   , 0  , 0  , 0  , 1  , 0  , 0  , 0  , 0  , 0  , 0  , 0  , 0  , 0  , 0  , 0  , 0  , 0  , 2  , 0  , 0  , 0  , 0  , 0  , 1  , 0  , 0  , 0  , 1  , 0  , 0  , 0  , 1  , 0  , 0  , 0  , 0  , 0  , 0  , 0  , 0  , 0  , 0  , 0  , 0  , 0  , 0  , 0  , 0  , 0  , 0  , 0  , 0  , 0  , 0  , 0  , 0  , 0  , 0  , 0  , 0  , 0  , 0  , 0  , 0 
 CCA   , 0  , 0  , 0  , 0  , 0  , 0  , 0  , 0  , 0  , 0  , 0  , 0  , 0  , 0  , 0  , 0  , 1  , 0  , 0  , 0  , 0  , 1  , 1  , 0  , 0  , 0  , 0  , 0  , 1  , 0  , 0  , 0  , 0  , 0  , 0  , 0  , 0  , 0  , 0  , 0  , 0  , 0  , 0  , 0  , 0  , 0  , 0  , 0  , 0  , 0  , 0  , 0  , 0  , 0  , 0  , 0  , 0  , 0  , 0  , 0  , 0  , 0  , 0  , 0 
 CCC   , 0  , 0  , 0  , 0  , 0  , 0  , 0  , 0  , 0  , 0  , 0  , 0  , 0  , 0  , 0  , 0  , 0  , 0  , 0  , 0  , 1  , 0  , 0  , 0  , 0  , 2  , 0  , 0  , 0  , 2  , 0  , 0  , 0  , 0  , 0  , 0  , 0  , 0  , 0  , 0  , 0  , 0  , 0  , 0  , 0  , 0  , 0  , 0  , 0  , 0  , 0  , 0  , 0  , 1  , 0  , 0  , 0  , 0  , 0  , 0  , 0  , 0  , 0  , 0 
 CCG   , 0  , 0  , 0  , 0  , 0  , 0  , 0  , 0  , 0  , 0  , 0  , 0  , 0  , 0  , 0  , 0  , 0  , 0  , 0  , 0  , 6  , 1  , 0  , 1  , 0  , 0  , 0  , 0  , 0  , 0  , 0  , 0  , 0  , 0  , 0  , 0  , 0  , 0  , 0  , 0  , 0  , 0  , 0  , 0  , 0  , 0  , 0  , 0  , 0  , 0  , 0  , 0  , 0  , 0  , 0  , 0  , 0  , 0  , 0  , 0  , 0  , 0  , 0  , 0 
 CCT   , 0  , 0  , 0  , 0  , 0  , 0  , 0  , 0  , 0  , 0  , 0  , 0  , 0  , 0  , 0  , 0  , 0  , 0  , 0  , 1  , 1  , 1  , 0  , 0  , 0  , 0  , 0  , 0  , 0  , 0  , 0  , 1  , 0  , 0  , 0  , 0  , 0  , 0  , 0  , 0  , 0  , 0  , 0  , 0  , 0  , 0  , 0  , 0  , 0  , 0  , 0  , 0  , 0  , 0  , 0  , 0  , 0  , 0  , 0  , 0  , 0  , 0  , 0  , 0 
 CGA   , 0  , 0  , 0  , 0  , 0  , 0  , 0  , 0  , 0  , 0  , 0  , 0  , 0  , 0  , 0  , 0  , 0  , 0  , 0  , 0  , 0  , 0  , 0  , 0  , 0  , 0  , 2  , 0  , 0  , 0  , 0  , 0  , 0  , 0  , 0  , 0  , 0  , 0  , 0  , 0  , 1  , 0  , 0  , 0  , 0  , 0  , 0  , 0  , 0  , 0  , 0  , 0  , 0  , 0  , 0  , 0  , 1  , 0  , 0  , 0  , 0  , 0  , 0  , 0 
 CGC   , 0  , 0  , 0  , 0  , 0  , 0  , 0  , 0  , 0  , 0  , 0  , 0  , 0  , 0  , 0  , 0  , 0  , 2  , 0  , 0  , 0  , 1  , 0  , 0  , 0  , 0  , 0  , 1  , 0  , 0  , 0  , 0  , 0  , 0  , 0  , 0  , 0  , 0  , 0  , 0  , 0  , 1  , 0  , 0  , 0  , 0  , 0  , 0  , 0  , 0  , 0  , 0  , 0  , 0  , 0  , 0  , 0  , 0  , 0  , 0  , 0  , 0  , 0  , 0 
 CGG   , 0  , 0  , 0  , 0  , 0  , 0  , 0  , 0  , 0  , 0  , 0  , 0  , 0  , 0  , 0  , 0  , 0  , 0  , 0  , 0  , 0  , 0  , 2  , 0  , 6  , 2  , 0  , 2  , 0  , 0  , 0  , 0  , 0  , 0  , 0  , 0  , 0  , 0  , 0  , 0  , 0  , 0  , 1  , 0  , 0  , 0  , 0  , 0  , 0  , 0  , 0  , 0  , 0  , 0  , 0  , 0  , 0  , 0  , 2  , 0  , 0  , 0  , 0  , 0 
 CGT   , 0  , 0  , 0  , 0  , 0  , 0  , 0  , 0  , 0  , 0  , 0  , 0  , 0  , 0  , 0  , 0  , 0  , 0  , 0  , 1  , 0  , 0  , 0  , 0  , 0  , 2  , 0  , 0  , 0  , 0  , 0  , 0  , 0  , 0  , 0  , 0  , 0  , 0  , 0  , 0  , 0  , 0  , 0  , 0  , 0  , 0  , 0  , 0  , 0  , 0  , 0  , 0  , 0  , 0  , 0  , 0  , 0  , 0  , 0  , 2  , 0  , 0  , 0  , 0 
 CTA   , 0  , 0  , 0  , 0  , 0  , 0  , 0  , 0  , 0  , 0  , 0  , 0  , 0  , 0  , 0  , 0  , 0  , 0  , 0  , 0  , 0  , 0  , 0  , 0  , 0  , 0  , 0  , 0  , 0  , 1  , 0  , 0  , 0  , 0  , 0  , 0  , 0  , 0  , 0  , 0  , 0  , 0  , 0  , 0  , 0  , 0  , 0  , 0  , 0  , 0  , 0  , 0  , 0  , 0  , 0  , 0  , 0  , 0  , 0  , 0  , 3  , 0  , 0  , 0 
 CTC   , 0  , 0  , 0  , 0  , 0  , 0  , 0  , 0  , 0  , 0  , 0  , 0  , 0  , 0  , 0  , 0  , 0  , 0  , 0  , 0  , 0  , 0  , 0  , 0  , 0  , 0  , 0  , 0  , 0  , 0  , 0  , 1  , 0  , 0  , 0  , 0  , 0  , 0  , 0  , 0  , 0  , 0  , 0  , 0  , 0  , 0  , 0  , 0  , 0  , 0  , 0  , 0  , 0  , 0  , 0  , 0  , 0  , 0  , 0  , 0  , 0  , 0  , 0  , 0 
 CTG   , 0  , 0  , 0  , 0  , 0  , 0  , 0  , 0  , 0  , 0  , 0  , 0  , 0  , 0  , 0  , 0  , 0  , 0  , 0  , 0  , 0  , 0  , 1  , 0  , 0  , 0  , 0  , 0  , 9  , 0  , 0  , 0  , 0  , 0  , 0  , 0  , 0  , 0  , 0  , 0  , 0  , 0  , 0  , 0  , 0  , 0  , 0  , 0  , 0  , 0  , 0  , 0  , 0  , 0  , 0  , 0  , 0  , 0  , 0  , 0  , 0  , 0  , 8  , 0 
 CTT   , 0  , 0  , 0  , 0  , 0  , 0  , 0  , 0  , 0  , 0  , 0  , 0  , 0  , 0  , 0  , 1  , 0  , 0  , 0  , 0  , 0  , 0  , 0  , 0  , 0  , 0  , 0  , 0  , 0  , 0  , 0  , 0  , 0  , 0  , 0  , 0  , 0  , 0  , 0  , 0  , 0  , 0  , 0  , 0  , 0  , 0  , 0  , 0  , 0  , 0  , 0  , 0  , 0  , 0  , 0  , 0  , 0  , 0  , 0  , 0  , 0  , 0  , 0  , 1 
 GAA   , 0  , 0  , 0  , 0  , 0  , 0  , 0  , 0  , 0  , 0  , 0  , 0  , 0  , 0  , 0  , 0  , 0  , 0  , 0  , 0  , 0  , 0  , 0  , 0  , 0  , 0  , 0  , 0  , 0  , 0  , 0  , 0  , 0  , 1  , 1  , 0  , 0  , 0  , 0  , 0  , 1  , 0  , 0  , 0  , 0  , 0  , 0  , 0  , 0  , 0  , 0  , 0  , 0  , 0  , 0  , 0  , 0  , 0  , 0  , 0  , 0  , 0  , 0  , 0 
 GAC   , 0  , 0  , 0  , 0  , 0  , 0  , 0  , 0  , 0  , 0  , 0  , 0  , 0  , 0  , 0  , 0  , 0  , 1  , 0  , 0  , 0  , 0  , 0  , 0  , 0  , 0  , 0  , 0  , 0  , 0  , 0  , 0  , 1  , 0  , 1  , 5  , 0  , 2  , 0  , 0  , 0  , 2  , 0  , 0  , 0  , 1  , 0  , 0  , 0  , 0  , 0  , 0  , 0  , 0  , 0  , 0  , 0  , 0  , 0  , 0  , 0  , 0  , 0  , 0 
 GAG   , 0  , 0  , 1  , 0  , 0  , 0  , 0  , 0  , 0  , 0  , 0  , 0  , 0  , 0  , 0  , 0  , 0  , 0  , 1  , 0  , 0  , 0  , 0  , 0  , 0  , 0  , 0  , 0  , 0  , 0  , 0  , 0  , 6  , 4  , 0  , 2  , 0  , 0  , 0  , 0  , 0  , 0  , 0  , 0  , 0  , 0  , 0  , 0  , 0  , 0  , 0  , 0  , 0  , 0  , 0  , 0  , 0  , 0  , 0  , 0  , 0  , 0  , 0  , 0 
 GAT   , 0  , 0  , 0  , 0  , 0  , 0  , 0  , 0  , 0  , 0  , 0  , 0  , 0  , 0  , 0  , 0  , 0  , 0  , 0  , 0  , 0  , 0  , 0  , 0  , 0  , 0  , 0  , 0  , 0  , 0  , 0  , 0  , 0  , 0  , 0  , 0  , 0  , 0  , 0  , 0  , 0  , 0  , 0  , 2  , 0  , 0  , 0  , 0  , 0  , 0  , 0  , 1  , 0  , 0  , 0  , 0  , 0  , 0  , 0  , 0  , 0  , 0  , 0  , 0 
 GCA   , 0  , 0  , 0  , 0  , 1  , 0  , 0  , 0  , 0  , 0  , 0  , 0  , 0  , 0  , 0  , 0  , 0  , 0  , 0  , 0  , 1  , 0  , 0  , 0  , 0  , 0  , 0  , 0  , 0  , 0  , 0  , 0  , 0  , 0  , 0  , 0  , 0  , 6  , 4  , 2  , 0  , 0  , 0  , 0  , 1  , 0  , 0  , 0  , 0  , 0  , 0  , 0  , 0  , 0  , 0  , 0  , 0  , 0  , 0  , 0  , 0  , 0  , 0  , 0 
 GCC   , 0  , 0  , 0  , 0  , 0  , 1  , 0  , 0  , 0  , 0  , 0  , 0  , 0  , 0  , 0  , 0  , 0  , 0  , 0  , 0  , 0  , 2  , 0  , 0  , 0  , 0  , 0  , 0  , 0  , 0  , 0  , 0  , 0  , 2  , 0  , 0  , 1  , 0  , 4  , 8  , 0  , 0  , 0  , 0  , 0  , 0  , 0  , 0  , 0  , 0  , 0  , 0  , 0  , 0  , 0  , 0  , 0  , 0  , 0  , 0  , 0  , 0  , 0  , 0 
 GCG   , 0  , 0  , 0  , 0  , 0  , 0  , 3  , 0  , 0  , 0  , 0  , 0  , 0  , 0  , 0  , 0  , 0  , 0  , 0  , 0  , 0  , 0  , 1  , 0  , 0  , 0  , 0  , 0  , 0  , 0  , 0  , 0  , 0  , 0  , 2  , 0  , 1  , 1  , 0  , 0  , 0  , 0  , 0  , 0  , 0  , 0  , 5  , 0  , 0  , 0  , 0  , 0  , 0  , 0  , 0  , 0  , 0  , 0  , 0  , 0  , 0  , 0  , 0  , 0 
 GCT   , 0  , 0  , 0  , 0  , 0  , 0  , 0  , 3  , 0  , 0  , 0  , 0  , 0  , 0  , 0  , 0  , 0  , 0  , 0  , 0  , 0  , 0  , 0  , 2  , 0  , 0  , 0  , 0  , 0  , 0  , 0  , 0  , 0  , 0  , 0  , 2  , 0  , 2  , 0  , 0  , 0  , 0  , 0  , 2  , 0  , 0  , 0  , 4  , 0  , 0  , 0  , 0  , 0  , 0  , 0  , 0  , 0  , 0  , 0  , 0  , 0  , 0  , 0  , 0 
 GGA   , 0  , 0  , 0  , 0  , 0  , 0  , 0  , 0  , 2  , 0  , 0  , 0  , 0  , 0  , 0  , 0  , 0  , 0  , 0  , 0  , 0  , 0  , 0  , 0  , 0  , 0  , 0  , 0  , 0  , 0  , 0  , 0  , 0  , 0  , 0  , 0  , 0  , 0  , 0  , 0  , 0  , 1  , 1  , 0  , 1  , 0  , 0  , 0  , 0  , 0  , 0  , 0  , 0  , 0  , 0  , 0  , 0  , 0  , 0  , 0  , 0  , 0  , 0  , 0 
 GGC   , 0  , 0  , 0  , 0  , 0  , 0  , 0  , 0  , 0  , 3  , 0  , 0  , 0  , 0  , 0  , 0  , 0  , 0  , 0  , 0  , 0  , 0  , 0  , 0  , 0  , 1  , 0  , 0  , 0  , 0  , 0  , 0  , 0  , 5  , 0  , 0  , 0  , 2  , 0  , 0  , 3  , 0  , 1  , 10  , 0  , 1  , 0  , 0  , 0  , 0  , 0  , 0  , 0  , 0  , 0  , 0  , 0  , 0  , 0  , 0  , 0  , 0  , 0  , 0 
 GGG   , 0  , 0  , 0  , 0  , 0  , 0  , 0  , 0  , 0  , 0  , 0  , 0  , 0  , 0  , 0  , 0  , 0  , 0  , 0  , 0  , 0  , 0  , 0  , 0  , 0  , 0  , 1  , 0  , 0  , 0  , 0  , 0  , 0  , 0  , 1  , 0  , 0  , 0  , 1  , 0  , 3  , 1  , 0  , 2  , 0  , 0  , 0  , 0  , 0  , 0  , 0  , 0  , 0  , 0  , 0  , 0  , 0  , 0  , 0  , 0  , 0  , 0  , 0  , 0 
 GGT   , 0  , 0  , 0  , 0  , 0  , 0  , 0  , 0  , 0  , 0  , 0  , 0  , 0  , 0  , 0  , 0  , 0  , 0  , 0  , 0  , 0  , 0  , 0  , 0  , 0  , 0  , 0  , 0  , 0  , 0  , 0  , 0  , 0  , 0  , 0  , 0  , 0  , 0  , 0  , 0  , 0  , 0  , 0  , 0  , 0  , 0  , 0  , 0  , 0  , 0  , 0  , 0  , 0  , 0  , 0  , 0  , 0  , 0  , 0  , 0  , 0  , 0  , 0  , 0 
 GTA   , 0  , 0  , 0  , 0  , 0  , 0  , 0  , 0  , 0  , 0  , 0  , 0  , 0  , 0  , 0  , 0  , 0  , 0  , 0  , 0  , 0  , 0  , 0  , 0  , 0  , 0  , 0  , 0  , 0  , 0  , 0  , 0  , 0  , 0  , 0  , 0  , 0  , 0  , 0  , 0  , 0  , 0  , 0  , 0  , 0  , 0  , 1  , 1  , 0  , 0  , 0  , 0  , 0  , 0  , 0  , 0  , 0  , 0  , 0  , 0  , 1  , 0  , 0  , 0 
 GTC   , 0  , 0  , 0  , 0  , 0  , 0  , 0  , 0  , 0  , 0  , 0  , 0  , 0  , 2  , 0  , 0  , 0  , 0  , 0  , 0  , 0  , 0  , 0  , 0  , 0  , 0  , 0  , 0  , 0  , 0  , 0  , 0  , 0  , 0  , 0  , 0  , 0  , 2  , 0  , 0  , 0  , 0  , 0  , 0  , 0  , 0  , 3  , 2  , 0  , 0  , 0  , 0  , 0  , 0  , 0  , 0  , 0  , 0  , 0  , 0  , 0  , 0  , 0  , 0 
 GTG   , 0  , 0  , 0  , 0  , 0  , 0  , 0  , 0  , 0  , 0  , 0  , 0  , 0  , 0  , 1  , 0  , 0  , 0  , 0  , 0  , 0  , 0  , 0  , 0  , 0  , 0  , 0  , 0  , 0  , 0  , 0  , 0  , 0  , 0  , 0  , 0  , 0  , 0  , 0  , 0  , 0  , 0  , 0  , 0  , 0  , 1  , 0  , 1  , 0  , 0  , 0  , 0  , 0  , 0  , 0  , 0  , 0  , 0  , 0  , 0  , 0  , 0  , 0  , 0 
 GTT   , 0  , 0  , 0  , 0  , 0  , 0  , 0  , 0  , 0  , 0  , 0  , 0  , 0  , 0  , 0  , 0  , 0  , 0  , 0  , 0  , 0  , 0  , 0  , 0  , 0  , 0  , 0  , 0  , 0  , 0  , 0  , 0  , 0  , 0  , 0  , 0  , 0  , 0  , 0  , 1  , 0  , 0  , 0  , 0  , 0  , 0  , 1  , 0  , 0  , 0  , 0  , 0  , 0  , 0  , 0  , 0  , 0  , 0  , 0  , 0  , 0  , 0  , 0  , 0 
 TAA   , 0  , 0  , 0  , 0  , 0  , 0  , 0  , 0  , 0  , 0  , 0  , 0  , 0  , 0  , 0  , 0  , 0  , 0  , 0  , 0  , 0  , 0  , 0  , 0  , 0  , 0  , 0  , 0  , 0  , 0  , 0  , 0  , 0  , 0  , 0  , 0  , 0  , 0  , 0  , 0  , 0  , 0  , 0  , 0  , 0  , 0  , 0  , 0  , 0  , 0  , 0  , 0  , 0  , 0  , 0  , 0  , 0  , 0  , 0  , 0  , 0  , 0  , 0  , 0 
 TAC   , 0  , 0  , 0  , 0  , 0  , 0  , 0  , 0  , 0  , 0  , 0  , 0  , 0  , 0  , 0  , 0  , 0  , 0  , 0  , 0  , 0  , 0  , 0  , 0  , 0  , 0  , 0  , 0  , 0  , 0  , 0  , 0  , 0  , 0  , 0  , 0  , 0  , 0  , 0  , 0  , 0  , 0  , 0  , 0  , 0  , 0  , 0  , 0  , 0  , 0  , 0  , 0  , 0  , 0  , 0  , 0  , 0  , 0  , 0  , 0  , 0  , 2  , 0  , 0 
 TAG   , 0  , 0  , 0  , 0  , 0  , 0  , 0  , 0  , 0  , 0  , 0  , 0  , 0  , 0  , 0  , 0  , 0  , 0  , 0  , 0  , 0  , 0  , 0  , 0  , 0  , 0  , 0  , 0  , 0  , 0  , 0  , 0  , 0  , 0  , 0  , 0  , 0  , 0  , 0  , 0  , 0  , 0  , 0  , 0  , 0  , 0  , 0  , 0  , 0  , 0  , 0  , 0  , 0  , 0  , 0  , 0  , 0  , 0  , 0  , 0  , 0  , 0  , 0  , 0 
 TAT   , 0  , 0  , 0  , 0  , 0  , 0  , 0  , 0  , 0  , 0  , 0  , 0  , 0  , 0  , 0  , 0  , 0  , 0  , 0  , 0  , 0  , 0  , 0  , 0  , 0  , 0  , 0  , 0  , 0  , 0  , 0  , 0  , 0  , 0  , 0  , 0  , 0  , 0  , 0  , 0  , 0  , 0  , 0  , 0  , 0  , 0  , 0  , 0  , 0  , 0  , 0  , 0  , 0  , 0  , 0  , 0  , 0  , 0  , 0  , 0  , 0  , 0  , 0  , 0 
 TCA   , 0  , 0  , 0  , 0  , 0  , 0  , 0  , 0  , 0  , 0  , 0  , 0  , 0  , 0  , 0  , 0  , 0  , 0  , 0  , 0  , 5  , 0  , 0  , 0  , 0  , 0  , 0  , 0  , 0  , 0  , 0  , 0  , 0  , 0  , 0  , 0  , 0  , 0  , 0  , 0  , 0  , 0  , 0  , 0  , 0  , 0  , 0  , 0  , 0  , 0  , 0  , 0  , 0  , 1  , 1  , 0  , 0  , 0  , 0  , 0  , 1  , 0  , 0  , 0 
 TCC   , 0  , 0  , 0  , 0  , 0  , 1  , 0  , 0  , 0  , 0  , 0  , 0  , 0  , 0  , 0  , 0  , 0  , 0  , 0  , 0  , 0  , 0  , 0  , 0  , 0  , 0  , 0  , 0  , 0  , 0  , 0  , 0  , 0  , 0  , 0  , 0  , 0  , 1  , 0  , 0  , 0  , 0  , 0  , 0  , 0  , 0  , 0  , 0  , 0  , 0  , 0  , 0  , 1  , 0  , 2  , 2  , 0  , 1  , 0  , 0  , 0  , 2  , 0  , 0 
 TCG   , 0  , 0  , 0  , 0  , 0  , 0  , 0  , 0  , 0  , 0  , 0  , 0  , 0  , 0  , 0  , 0  , 0  , 0  , 0  , 0  , 0  , 0  , 0  , 0  , 0  , 0  , 0  , 0  , 0  , 0  , 0  , 0  , 0  , 0  , 0  , 0  , 0  , 0  , 0  , 0  , 0  , 0  , 0  , 0  , 0  , 0  , 0  , 0  , 0  , 0  , 0  , 0  , 2  , 1  , 0  , 1  , 0  , 0  , 0  , 0  , 0  , 0  , 2  , 0 
 TCT   , 0  , 0  , 0  , 0  , 0  , 0  , 0  , 0  , 0  , 0  , 0  , 0  , 0  , 0  , 0  , 0  , 0  , 0  , 0  , 0  , 0  , 0  , 0  , 1  , 0  , 0  , 0  , 0  , 0  , 0  , 0  , 0  , 0  , 0  , 0  , 0  , 0  , 0  , 0  , 0  , 0  , 0  , 0  , 0  , 0  , 0  , 0  , 0  , 0  , 0  , 0  , 0  , 2  , 2  , 1  , 0  , 0  , 0  , 0  , 1  , 0  , 0  , 0  , 0 
 TGA   , 0  , 0  , 0  , 0  , 0  , 0  , 0  , 0  , 0  , 0  , 0  , 0  , 0  , 0  , 0  , 0  , 0  , 0  , 0  , 0  , 0  , 0  , 0  , 0  , 0  , 0  , 0  , 0  , 0  , 0  , 0  , 0  , 0  , 0  , 0  , 0  , 0  , 0  , 0  , 0  , 0  , 0  , 0  , 0  , 0  , 0  , 0  , 0  , 0  , 0  , 0  , 0  , 0  , 0  , 0  , 0  , 0  , 0  , 0  , 0  , 0  , 0  , 0  , 0 
 TGC   , 0  , 0  , 0  , 0  , 0  , 0  , 0  , 0  , 0  , 1  , 0  , 0  , 0  , 0  , 0  , 0  , 0  , 0  , 0  , 0  , 0  , 0  , 0  , 0  , 0  , 0  , 0  , 0  , 0  , 0  , 0  , 0  , 0  , 0  , 0  , 0  , 0  , 0  , 0  , 0  , 0  , 0  , 0  , 0  , 0  , 0  , 0  , 0  , 0  , 1  , 0  , 0  , 0  , 0  , 0  , 0  , 0  , 0  , 0  , 3  , 0  , 1  , 0  , 0 
 TGG   , 0  , 0  , 0  , 0  , 0  , 0  , 0  , 0  , 0  , 0  , 0  , 0  , 0  , 0  , 0  , 0  , 0  , 0  , 0  , 0  , 0  , 0  , 0  , 0  , 0  , 0  , 0  , 0  , 0  , 0  , 0  , 0  , 0  , 0  , 0  , 0  , 0  , 0  , 0  , 0  , 0  , 0  , 0  , 0  , 0  , 0  , 0  , 0  , 0  , 0  , 2  , 0  , 0  , 0  , 0  , 0  , 0  , 0  , 0  , 0  , 0  , 0  , 0  , 0 
 TGT   , 0  , 0  , 0  , 0  , 0  , 0  , 0  , 0  , 0  , 0  , 0  , 0  , 0  , 0  , 0  , 0  , 0  , 0  , 0  , 0  , 0  , 0  , 0  , 0  , 0  , 0  , 0  , 0  , 0  , 0  , 0  , 0  , 0  , 0  , 0  , 0  , 0  , 0  , 0  , 0  , 0  , 0  , 0  , 0  , 0  , 0  , 0  , 0  , 0  , 0  , 0  , 0  , 0  , 0  , 0  , 0  , 0  , 0  , 0  , 0  , 0  , 0  , 0  , 1 
 TTA   , 0  , 0  , 0  , 0  , 0  , 0  , 0  , 0  , 0  , 0  , 0  , 0  , 0  , 0  , 0  , 0  , 0  , 0  , 0  , 0  , 0  , 0  , 0  , 0  , 0  , 0  , 0  , 0  , 0  , 0  , 0  , 0  , 0  , 0  , 0  , 0  , 0  , 0  , 0  , 0  , 0  , 0  , 0  , 0  , 0  , 0  , 0  , 0  , 0  , 0  , 0  , 0  , 0  , 0  , 0  , 0  , 0  , 0  , 0  , 0  , 0  , 0  , 0  , 0 
 TTC   , 0  , 0  , 0  , 0  , 0  , 0  , 0  , 0  , 0  , 0  , 0  , 0  , 0  , 0  , 0  , 0  , 0  , 0  , 0  , 0  , 0  , 0  , 0  , 0  , 0  , 0  , 0  , 0  , 0  , 1  , 0  , 0  , 0  , 0  , 0  , 0  , 0  , 0  , 0  , 0  , 0  , 0  , 0  , 0  , 0  , 0  , 0  , 0  , 0  , 0  , 0  , 0  , 0  , 0  , 0  , 0  , 0  , 0  , 0  , 0  , 0  , 0  , 0  , 1 
 TTG   , 0  , 0  , 0  , 0  , 0  , 0  , 0  , 0  , 0  , 0  , 0  , 0  , 0  , 0  , 0  , 0  , 0  , 0  , 0  , 0  , 0  , 0  , 0  , 0  , 0  , 0  , 0  , 0  , 0  , 0  , 3  , 0  , 0  , 0  , 0  , 0  , 0  , 0  , 0  , 0  , 0  , 0  , 0  , 0  , 0  , 0  , 0  , 0  , 0  , 0  , 0  , 0  , 0  , 0  , 1  , 0  , 0  , 0  , 0  , 0  , 3  , 0  , 0  , 0 
 TTT   , 0  , 0  , 0  , 0  , 0  , 0  , 0  , 0  , 0  , 0  , 0  , 0  , 0  , 0  , 0  , 0  , 0  , 0  , 0  , 0  , 0  , 0  , 0  , 0  , 0  , 0  , 0  , 0  , 0  , 0  , 0  , 0  , 0  , 0  , 0  , 0  , 0  , 0  , 0  , 0  , 0  , 0  , 0  , 0  , 0  , 0  , 0  , 0  , 0  , 0  , 0  , 0  , 0  , 0  , 0  , 0  , 0  , 0  , 0  , 0  , 0  , 0  , 0  , 0 

# Amino acid change table

aa  , *  , A  , C  , D  , E  , F  , G  , H  , I  , K  , L  , M  , N  , P  , Q  , R  , S  , T  , V  , W  , Y 
 * , 0 , 0 , 0 , 0 , 0 , 0 , 0 , 0 , 0 , 0 , 0 , 0 , 0 , 0 , 0 , 0 , 0 , 0 , 0 , 0 , 0 
 A , 0 , 29 , 0 , 4 , 2 , 0 , 2 , 0 , 0 , 0 , 0 , 0 , 0 , 6 , 0 , 0 , 0 , 8 , 10 , 0 , 0 
 C , 0 , 0 , 3 , 0 , 0 , 2 , 0 , 0 , 0 , 0 , 0 , 0 , 0 , 0 , 0 , 0 , 1 , 0 , 0 , 0 , 1 
 D , 0 , 2 , 0 , 5 , 2 , 0 , 4 , 1 , 0 , 0 , 0 , 0 , 0 , 0 , 0 , 0 , 0 , 0 , 1 , 0 , 1 
 E , 0 , 0 , 0 , 7 , 7 , 0 , 1 , 0 , 0 , 1 , 0 , 0 , 0 , 0 , 1 , 0 , 0 , 0 , 0 , 0 , 0 
 F , 0 , 0 , 0 , 0 , 0 , 1 , 0 , 0 , 0 , 0 , 1 , 0 , 0 , 0 , 0 , 0 , 0 , 0 , 0 , 0 , 0 
 G , 0 , 3 , 0 , 5 , 1 , 0 , 22 , 0 , 0 , 0 , 0 , 0 , 0 , 0 , 0 , 4 , 3 , 0 , 2 , 0 , 0 
 H , 0 , 0 , 0 , 0 , 0 , 0 , 0 , 7 , 0 , 0 , 1 , 0 , 1 , 1 , 0 , 3 , 0 , 0 , 0 , 0 , 0 
 I , 0 , 0 , 0 , 0 , 0 , 0 , 0 , 0 , 3 , 0 , 0 , 0 , 0 , 0 , 0 , 0 , 0 , 0 , 2 , 0 , 0 
 K , 0 , 0 , 0 , 0 , 0 , 0 , 0 , 0 , 0 , 4 , 0 , 0 , 0 , 0 , 0 , 1 , 0 , 0 , 0 , 0 , 0 
 L , 0 , 0 , 0 , 0 , 0 , 1 , 0 , 0 , 1 , 0 , 28 , 0 , 0 , 1 , 0 , 0 , 1 , 0 , 0 , 0 , 0 
 M , 0 , 0 , 0 , 0 , 0 , 0 , 0 , 0 , 0 , 0 , 1 , 0 , 0 , 0 , 0 , 0 , 0 , 0 , 1 , 0 , 0 
 N , 0 , 0 , 0 , 1 , 0 , 0 , 0 , 0 , 0 , 3 , 0 , 0 , 5 , 0 , 0 , 0 , 1 , 0 , 0 , 0 , 0 
 P , 0 , 0 , 0 , 0 , 0 , 0 , 0 , 1 , 0 , 0 , 4 , 0 , 0 , 13 , 1 , 2 , 1 , 0 , 0 , 0 , 0 
 Q , 3 , 0 , 0 , 0 , 0 , 0 , 0 , 3 , 0 , 0 , 0 , 0 , 0 , 0 , 6 , 0 , 0 , 0 , 0 , 0 , 0 
 R , 1 , 0 , 2 , 0 , 0 , 0 , 4 , 3 , 0 , 3 , 0 , 0 , 0 , 3 , 0 , 18 , 0 , 0 , 0 , 2 , 0 
 S , 0 , 1 , 2 , 0 , 0 , 2 , 1 , 0 , 0 , 0 , 3 , 0 , 2 , 6 , 0 , 0 , 19 , 1 , 0 , 0 , 0 
 T , 0 , 4 , 0 , 0 , 0 , 0 , 0 , 0 , 1 , 1 , 0 , 1 , 0 , 0 , 0 , 0 , 2 , 15 , 0 , 0 , 0 
 V , 0 , 3 , 0 , 0 , 0 , 0 , 0 , 0 , 2 , 0 , 1 , 1 , 0 , 0 , 0 , 0 , 0 , 0 , 10 , 0 , 0 
 W , 2 , 0 , 0 , 0 , 0 , 0 , 0 , 0 , 0 , 0 , 0 , 0 , 0 , 0 , 0 , 0 , 0 , 0 , 0 , 0 , 0 
 Y , 0 , 0 , 0 , 0 , 0 , 2 , 0 , 0 , 0 , 0 , 0 , 0 , 0 , 0 , 0 , 0 , 0 , 0 , 0 , 0 , 0 

# Chromosome change table

1, Position,0,10000000,20000000,30000000,40000000,50000000,60000000,70000000,80000000,90000000,100000000,110000000,120000000,130000000,140000000,150000000,160000000,170000000,180000000,190000000,200000000,210000000,220000000,230000000,240000000,250000000,260000000,270000000,280000000,290000000,300000000
1,Count,0,0,0,0,0,0,0,0,0,35,0,0,0,0,0,0,0,0,0,0,0,0,0,120,0,0,0,0,0,0,0

2, Position,0,1000000,2000000,3000000,4000000,5000000,6000000,7000000,8000000,9000000,10000000,11000000,12000000,13000000,14000000,15000000,16000000,17000000,18000000,19000000,20000000,21000000,22000000,23000000,24000000,25000000,26000000,27000000,28000000,29000000,30000000,31000000,32000000,33000000,34000000,35000000,36000000,37000000,38000000,39000000,40000000,41000000,42000000,43000000,44000000,45000000,46000000,47000000,48000000,49000000,50000000,51000000,52000000,53000000,54000000,55000000,56000000,57000000,58000000,59000000,60000000,61000000,62000000,63000000,64000000,65000000,66000000,67000000,68000000,69000000,70000000,71000000,72000000,73000000,74000000,75000000,76000000,77000000,78000000,79000000,80000000,81000000,82000000,83000000,84000000,85000000,86000000,87000000,88000000,89000000,90000000,91000000,92000000,93000000,94000000,95000000,96000000,97000000,98000000,99000000,100000000,101000000,102000000,103000000,104000000,105000000,106000000,107000000,108000000,109000000,110000000,111000000,112000000,113000000,114000000,115000000,116000000,117000000,118000000,119000000,120000000,121000000,122000000,123000000,124000000,125000000,126000000,127000000,128000000,129000000,130000000,131000000,132000000,133000000,134000000,135000000,136000000,137000000,138000000,139000000,140000000,141000000,142000000,143000000,144000000,145000000,146000000,147000000,148000000,149000000,150000000,151000000,152000000,153000000,154000000,155000000,156000000,157000000,158000000,159000000,160000000,161000000,162000000,163000000,164000000,165000000,166000000,167000000,168000000,169000000,170000000,171000000,172000000,173000000,174000000,175000000,176000000,177000000,178000000,179000000,180000000,181000000,182000000,183000000,184000000,185000000,186000000,187000000,188000000,189000000,190000000,191000000,192000000,193000000,194000000,195000000,196000000,197000000,198000000,199000000,200000000,201000000,202000000,203000000,204000000,205000000,206000000,207000000,208000000,209000000,210000000,211000000,212000000,213000000,214000000,215000000,216000000,217000000,218000000,219000000,220000000,221000000,222000000,223000000,224000000,225000000,226000000,227000000,228000000,229000000,230000000,231000000,232000000,233000000,234000000,235000000,236000000,237000000
2,Count,0,0,0,0,0,0,0,0,0,0,0,0,50,0,0,0,0,0,0,0,0,0,0,0,0,0,0,0,0,0,0,0,0,72,0,0,0,0,0,0,0,0,0,0,0,0,0,0,0,0,0,0,0,0,0,0,0,0,0,0,0,0,0,0,0,0,0,0,0,0,0,0,0,0,0,0,0,0,0,0,0,0,0,0,0,0,0,0,0,0,0,0,0,0,0,0,0,0,0,0,0,0,0,0,0,0,0,0,0,0,0,0,0,0,0,0,0,0,0,0,0,0,0,0,0,0,0,0,0,0,0,0,0,0,0,0,0,0,0,0,0,0,0,0,0,0,0,0,0,0,0,0,0,0,0,0,0,0,0,0,0,0,0,0,0,0,0,0,0,0,0,0,0,0,0,0,0,0,0,0,0,0,0,0,0,0,0,0,0,0,0,0,0,0,0,0,0,0,0,0,0,0,0,0,0,0,0,0,0,0,0,0,0,0,0,0,0,0,0,237,0,0,0,0,0,0,0,0,0,0,0,0,0,0,0,0,0,0

3, Position,0,1000000,2000000,3000000,4000000,5000000,6000000,7000000,8000000,9000000,10000000,11000000,12000000,13000000,14000000,15000000,16000000,17000000,18000000,19000000,20000000,21000000,22000000,23000000,24000000,25000000,26000000,27000000,28000000,29000000,30000000,31000000,32000000,33000000,34000000,35000000,36000000,37000000,38000000,39000000,40000000,41000000,42000000,43000000,44000000,45000000,46000000,47000000,48000000,49000000,50000000,51000000,52000000,53000000,54000000,55000000,56000000,57000000,58000000,59000000,60000000,61000000,62000000,63000000,64000000,65000000,66000000,67000000,68000000,69000000,70000000,71000000,72000000,73000000,74000000,75000000,76000000,77000000,78000000,79000000,80000000,81000000,82000000,83000000,84000000,85000000,86000000,87000000,88000000,89000000,90000000,91000000,92000000,93000000,94000000,95000000,96000000,97000000,98000000,99000000,100000000,101000000,102000000,103000000,104000000,105000000,106000000,107000000,108000000,109000000,110000000,111000000,112000000,113000000,114000000,115000000,116000000,117000000,118000000,119000000,120000000,121000000,122000000,123000000,124000000,125000000,126000000,127000000,128000000,129000000,130000000,131000000,132000000,133000000,134000000,135000000,136000000,137000000,138000000,139000000,140000000,141000000,142000000,143000000,144000000,145000000,146000000,147000000,148000000,149000000,150000000,151000000,152000000,153000000,154000000,155000000,156000000,157000000,158000000,159000000,160000000,161000000,162000000,163000000,164000000,165000000,166000000,167000000,168000000,169000000,170000000,171000000,172000000,173000000,174000000,175000000,176000000,177000000,178000000,179000000,180000000,181000000,182000000,183000000,184000000,185000000,186000000,187000000,188000000,189000000,190000000,191000000,192000000,193000000,194000000,195000000,196000000,197000000,198000000,199000000,200000000,201000000,202000000,203000000,204000000,205000000,206000000,207000000,208000000,209000000,210000000,211000000,212000000,213000000,214000000,215000000,216000000,217000000,218000000,219000000,220000000,221000000,222000000,223000000,224000000,225000000,226000000,227000000,228000000,229000000,230000000,231000000,232000000
3,Count,0,0,0,108,28,0,0,0,0,0,0,0,0,0,0,0,0,0,0,0,0,0,0,0,0,0,0,0,0,0,0,0,0,0,0,0,0,0,0,0,0,0,0,0,0,0,0,0,0,0,0,0,0,0,0,0,0,0,0,0,0,0,0,0,0,0,0,0,0,0,0,0,0,0,0,0,0,0,0,0,0,0,0,0,0,0,0,0,0,0,0,0,0,0,0,0,0,0,0,0,0,0,0,0,0,0,0,0,0,0,0,0,0,0,0,0,0,0,0,0,0,0,0,0,0,0,0,0,0,0,0,0,0,0,0,0,0,0,0,0,0,0,0,0,0,0,0,0,0,0,0,0,0,0,0,0,0,0,0,0,0,0,0,0,0,0,0,0,0,0,0,0,0,0,0,0,0,0,0,0,0,0,0,0,0,0,0,0,0,0,0,0,0,0,0,0,0,0,0,0,0,0,0,0,0,0,0,0,0,0,0,0,0,0,0,0,0,0,203,0,0,0,0,0,0,0,0,0,0,0,0,0,0

7, Position,0,1000000,2000000,3000000,4000000,5000000,6000000,7000000,8000000,9000000,10000000,11000000,12000000,13000000,14000000,15000000,16000000,17000000,18000000,19000000,20000000,21000000,22000000,23000000,24000000,25000000,26000000,27000000,28000000,29000000,30000000,31000000,32000000,33000000,34000000,35000000,36000000,37000000,38000000,39000000,40000000,41000000,42000000,43000000,44000000,45000000,46000000,47000000,48000000,49000000,50000000,51000000,52000000,53000000,54000000,55000000,56000000,57000000,58000000,59000000,60000000,61000000,62000000,63000000,64000000,65000000,66000000,67000000,68000000,69000000,70000000,71000000,72000000,73000000,74000000,75000000,76000000,77000000,78000000,79000000,80000000,81000000,82000000,83000000,84000000,85000000,86000000,87000000,88000000,89000000,90000000,91000000,92000000,93000000,94000000,95000000,96000000,97000000,98000000,99000000,100000000,101000000,102000000,103000000,104000000,105000000,106000000,107000000,108000000,109000000,110000000,111000000,112000000,113000000,114000000,115000000,116000000,117000000,118000000,119000000,120000000,121000000,122000000,123000000,124000000,125000000,126000000,127000000,128000000,129000000,130000000,131000000,132000000,133000000,134000000,135000000,136000000,137000000,138000000,139000000,140000000,141000000,142000000,143000000,144000000,145000000,146000000,147000000,148000000,149000000,150000000,151000000,152000000,153000000,154000000,155000000,156000000,157000000,158000000,159000000,160000000,161000000,162000000,163000000,164000000,165000000,166000000,167000000,168000000,169000000,170000000,171000000,172000000,173000000,174000000,175000000,176000000
7,Count,0,0,0,0,0,0,0,0,0,0,0,0,0,0,0,0,0,0,0,0,0,0,0,0,0,0,0,0,0,0,0,0,0,0,0,0,0,0,0,0,0,0,0,0,0,0,0,0,0,0,0,0,0,0,0,0,0,0,0,0,0,0,0,0,0,0,0,0,0,0,0,0,0,0,0,0,0,0,0,0,0,0,0,0,0,0,0,0,0,0,0,0,0,0,0,0,0,0,0,0,0,0,0,0,0,0,0,0,0,0,0,0,0,0,0,0,0,0,0,0,0,0,0,0,0,0,0,0,0,0,0,0,0,0,0,0,0,0,0,0,0,0,0,0,0,0,0,0,0,0,0,0,0,0,0,0,0,0,0,0,0,0,0,0,0,0,0,0,0,0,0,0,0,0,0,23,0

8, Position,0,1000000,2000000,3000000,4000000,5000000,6000000,7000000,8000000,9000000,10000000,11000000,12000000,13000000,14000000,15000000,16000000,17000000,18000000,19000000,20000000,21000000,22000000,23000000,24000000,25000000,26000000,27000000,28000000,29000000,30000000,31000000,32000000,33000000,34000000,35000000,36000000,37000000,38000000,39000000,40000000,41000000,42000000,43000000,44000000,45000000,46000000,47000000,48000000,49000000,50000000,51000000,52000000,53000000,54000000,55000000,56000000,57000000,58000000,59000000,60000000,61000000,62000000,63000000,64000000,65000000,66000000,67000000,68000000,69000000,70000000,71000000,72000000,73000000,74000000,75000000,76000000,77000000,78000000,79000000,80000000,81000000,82000000,83000000,84000000,85000000,86000000,87000000,88000000,89000000,90000000,91000000,92000000,93000000,94000000,95000000,96000000,97000000,98000000,99000000,100000000,101000000,102000000,103000000,104000000,105000000,106000000,107000000,108000000,109000000,110000000,111000000,112000000,113000000,114000000,115000000,116000000,117000000,118000000,119000000,120000000,121000000,122000000,123000000,124000000,125000000,126000000,127000000,128000000,129000000,130000000,131000000,132000000,133000000,134000000,135000000,136000000,137000000,138000000,139000000,140000000,141000000,142000000,143000000,144000000,145000000,146000000,147000000,148000000,149000000,150000000,151000000,152000000,153000000,154000000,155000000,156000000,157000000,158000000,159000000,160000000,161000000,162000000,163000000,164000000,165000000,166000000,167000000,168000000,169000000,170000000,171000000,172000000,173000000,174000000,175000000
8,Count,0,0,0,0,0,0,0,0,0,0,0,0,0,0,0,0,0,0,0,0,0,0,0,0,0,0,0,0,0,0,0,0,0,0,0,0,0,0,0,0,0,0,0,0,0,0,0,0,0,0,0,0,0,0,0,0,0,0,0,0,0,0,0,0,0,0,0,0,0,0,0,0,0,0,0,0,0,0,0,0,0,0,0,0,0,0,0,0,0,0,0,0,0,0,0,0,0,0,0,0,0,0,0,0,0,0,0,0,0,0,0,0,0,0,0,0,0,0,0,0,0,0,0,50,0,0,0,0,0,0,0,156,0,0,0,0,0,0,0,0,0,0,0,0,0,0,0,0,0,0,0,0,0,0,0,0,0,0,0,0,0,0,0,0,0,0,0,0,0,0,0,0,0,0,0,0

9, Position,0,1000000,2000000,3000000,4000000,5000000,6000000,7000000,8000000,9000000,10000000,11000000,12000000,13000000,14000000,15000000,16000000,17000000,18000000,19000000,20000000,21000000,22000000,23000000,24000000,25000000,26000000,27000000,28000000,29000000,30000000,31000000,32000000,33000000,34000000,35000000,36000000,37000000,38000000,39000000,40000000,41000000,42000000,43000000,44000000,45000000,46000000,47000000,48000000,49000000,50000000,51000000,52000000,53000000,54000000,55000000,56000000,57000000,58000000,59000000,60000000,61000000,62000000,63000000,64000000,65000000,66000000,67000000,68000000,69000000,70000000,71000000,72000000,73000000,74000000,75000000,76000000,77000000,78000000,79000000,80000000,81000000,82000000,83000000,84000000,85000000,86000000,87000000,88000000,89000000,90000000,91000000,92000000,93000000,94000000,95000000,96000000,97000000,98000000,99000000,100000000,101000000,102000000,103000000,104000000,105000000,106000000,107000000,108000000,109000000,110000000,111000000,112000000,113000000,114000000,115000000,116000000,117000000,118000000,119000000,120000000,121000000,122000000,123000000,124000000,125000000,126000000,127000000,128000000,129000000,130000000,131000000,132000000,133000000,134000000,135000000,136000000,137000000,138000000,139000000,140000000,141000000,142000000,143000000,144000000,145000000,146000000,147000000,148000000,149000000,150000000,151000000,152000000,153000000,154000000,155000000,156000000,157000000
9,Count,0,0,0,0,0,0,0,0,0,0,0,0,0,0,0,0,0,0,0,0,0,0,0,0,0,0,0,0,0,0,0,0,0,0,0,119,0,0,0,0,0,0,0,0,0,0,0,0,0,0,0,0,0,0,0,0,0,0,0,0,0,0,0,0,0,0,0,0,0,0,0,0,0,0,0,0,0,0,0,0,0,0,0,0,0,0,0,0,0,0,0,0,0,0,0,0,0,0,0,0,0,0,0,0,0,0,44,0,75,0,0,0,0,0,0,0,0,0,0,0,0,0,0,54,0,0,0,0,0,0,0,0,0,0,0,109,0,0,0,0,0,0,0,0,0,0,0,0,0,0,0,0,0,0,0,0,0,0

10, Position,0,1000000,2000000,3000000,4000000,5000000,6000000,7000000,8000000,9000000,10000000,11000000,12000000,13000000,14000000,15000000,16000000,17000000,18000000,19000000,20000000,21000000,22000000,23000000,24000000,25000000,26000000,27000000,28000000,29000000,30000000,31000000,32000000,33000000,34000000,35000000,36000000,37000000,38000000,39000000,40000000,41000000,42000000,43000000,44000000,45000000,46000000,47000000,48000000,49000000,50000000,51000000,52000000,53000000,54000000,55000000,56000000,57000000,58000000,59000000,60000000,61000000,62000000,63000000,64000000,65000000,66000000,67000000,68000000,69000000,70000000,71000000,72000000,73000000,74000000,75000000,76000000,77000000,78000000,79000000,80000000,81000000,82000000,83000000,84000000,85000000,86000000,87000000,88000000,89000000,90000000,91000000,92000000,93000000,94000000,95000000,96000000,97000000,98000000,99000000,100000000,101000000,102000000,103000000,104000000,105000000,106000000,107000000,108000000,109000000,110000000,111000000,112000000,113000000,114000000,115000000,116000000,117000000,118000000,119000000,120000000,121000000,122000000,123000000,124000000,125000000,126000000,127000000,128000000,129000000,130000000,131000000,132000000,133000000,134000000,135000000,136000000,137000000,138000000,139000000,140000000,141000000,142000000,143000000,144000000,145000000,146000000,147000000,148000000,149000000
10,Count,0,0,0,0,0,0,0,0,0,0,0,0,0,0,0,0,0,0,0,0,0,0,0,0,0,0,0,0,0,0,0,0,0,0,0,0,0,0,0,0,0,0,0,0,0,0,0,0,0,0,0,0,0,0,0,0,0,0,0,0,0,0,0,0,0,0,0,0,0,0,0,0,0,0,0,0,0,0,0,0,0,0,0,0,0,0,0,0,0,0,0,0,0,0,72,0,0,0,0,0,0,0,0,0,0,0,0,0,0,0,0,0,0,0,0,0,0,0,0,0,0,0,0,0,0,0,0,0,0,0,0,0,0,0,0,0,0,0,0,0,0,0,0,0,0,0,0,0,0,0

