
# Summary table 

Name , Value
Genome , AGPv3.27 
Date , 2016-11-04 21:19
SnpEff_version , SnpEff 4.1l (build 2015-10-03), by Pablo Cingolani
Command_line_arguments , SnpEff  -csvStats snpeffGATK.txt AGPv3.27 PHETE-FILTERED_final.GATK.break.vcf.recode.vcf -s summaryGATK 
Warnings , 39 
Number_of_lines_in_input_file, 1370
Number_of_variants_before_filter, 1370
Number_of_not_variants , 0
Number_of_variants_processed , 1267
Number_of_known_variants <br>(i.e. non-empty ID) , 848, 66.929755% 
Number_of_effects , 3668 
Genome_total_length ,2067622303 
Genome_effective_length ,1430361547 
Change_rate , 1128935 

# Change rate by chromosome

Chromosome , Length , Changes , Change_rate 
1 , 301433382 , 114 , 2644152
2 , 237893627 , 298 , 798300
3 , 232227970 , 253 , 917897
7 , 176810253 , 21 , 8419535
8 , 175347686 , 183 , 958184
9 , 157021084 , 335 , 468719
10 , 149627545 , 63 , 2375040

# Effects by impact

Type , Count , Percent 
HIGH , 9 , 0.245365% 
LOW , 187 , 5.098146% 
MODERATE , 122 , 3.326063% 
MODIFIER , 3350 , 91.330425% 

# Effects by functional class

Type , Count , Percent 
MISSENSE , 122 , 40.666667% 
NONSENSE , 6 , 2% 
SILENT , 172 , 57.333333% 

Missense_Silent_ratio, 0.709302

# Count by effects

Type , Count , Percent 
3_prime_UTR_variant , 110 , 2.998909% 
5_prime_UTR_premature_start_codon_gain_variant , 11 , 0.299891% 
5_prime_UTR_variant , 147 , 4.007634% 
downstream_gene_variant , 1242 , 33.860414% 
intergenic_region , 576 , 15.703381% 
intron_variant , 537 , 14.640131% 
missense_variant , 122 , 3.326063% 
splice_acceptor_variant+intron_variant , 3 , 0.081788% 
splice_region_variant , 1 , 0.027263% 
splice_region_variant+intron_variant , 3 , 0.081788% 
stop_gained , 6 , 0.163577% 
synonymous_variant , 172 , 4.689204% 
upstream_gene_variant , 738 , 20.119956% 

# Count by genomic region

Type , Count , Percent 
DOWNSTREAM , 1242 , 33.860414% 
EXON , 300 , 8.178844% 
INTERGENIC , 576 , 15.703381% 
INTRON , 537 , 14.640131% 
SPLICE_SITE_ACCEPTOR , 3 , 0.081788% 
SPLICE_SITE_REGION , 4 , 0.109051% 
UPSTREAM , 738 , 20.119956% 
UTR_3_PRIME , 110 , 2.998909% 
UTR_5_PRIME , 158 , 4.307525% 

# Quality 

Values , 35,68,95,109,114,116,158,177,239,306,323,328,432,484,501,522,527,528,539,556,561,578,621,627,630,631,638,701,725,733,738,861,869,871,948,962,1002,1020,1060,1065,1096,1100,1102,1108,1118,1174,1175,1176,1185,1192,1202,1237,1239,1268,1275,1286,1289,1312,1337,1339,1342,1359,1373,1399,1454,1511,1543,1559,1589,1597,1616,1636,1661,1674,1676,1725,1735,1749,1820,1833,1853,1878,1887,1892,1907,1921,1925,1929,1930,1944,2062,2076,2079,2090,2095,2097,2138,2140,2142,2145,2202,2223,2237,2240,2276,2280,2284,2297,2299,2313,2345,2379,2402,2407,2450,2455,2462,2468,2481,2488,2492,2501,2506,2525,2563,2582,2585,2593,2644,2651,2656,2660,2663,2687,2711,2717,2746,2759,2775,2807,2810,2848,2917,2927,2972,2976,2981,3031,3041,3054,3057,3092,3135,3172,3247,3298,3306,3313,3359,3377,3378,3439,3460,3481,3500,3538,3598,3601,3624,3635,3636,3637,3668,3688,3690,3740,3822,3837,3853,3860,3895,3908,3928,3936,3939,3954,3962,4002,4016,4017,4074,4091,4107,4115,4129,4146,4230,4231,4233,4245,4276,4309,4318,4331,4334,4382,4393,4436,4444,4466,4480,4482,4484,4493,4506,4559,4614,4619,4650,4671,4861,4883,4889,4929,4936,4940,4987,4998,5024,5029,5036,5050,5070,5074,5113,5156,5176,5189,5209,5219,5245,5255,5256,5269,5296,5302,5304,5361,5367,5399,5497,5502,5527,5552,5568,5570,5595,5616,5619,5620,5708,5711,5718,5774,5819,5821,5873,5926,5928,5939,5946,5964,5990,6007,6023,6028,6043,6055,6135,6176,6188,6200,6240,6263,6345,6355,6365,6456,6462,6502,6524,6530,6560,6573,6582,6610,6645,6659,6663,6665,6687,6694,6698,6714,6800,6840,6845,6939,6940,6969,6975,6989,7124,7135,7159,7185,7193,7240,7246,7277,7327,7375,7381,7650,7787,7793,7813,7814,7876,7878,7942,7965,8016,8057,8073,8080,8095,8163,8167,8198,8236,8306,8320,8369,8413,8418,8467,8499,8528,8548,8579,8603,8630,8798,8822,8891,8898,8934,8940,8979,9002,9014,9034,9066,9082,9092,9122,9124,9133,9168,9224,9231,9268,9391,9392,9402,9409,9440,9534,9643,9669,9671,9677,9712,9720,9746,9777,9793,9807,9843,9849,9878,9921,9935,10001,10050,10099,10112,10113,10119,10126,10127,10200,10246,10271,10276,10294,10306,10312,10385,10533,10728,10751,10754,10784,10833,10889,10906,10907,10911,10984,10991,10996,11006,11060,11119,11174,11198,11201,11240,11257,11328,11368,11396,11438,11487,11528,11589,11628,11668,11773,11798,11812,11826,11894,11998,12069,12121,12169,12179,12296,12302,12356,12373,12410,12507,12508,12540,12544,12551,12561,12574,12584,12611,12684,12693,12741,12760,12852,12888,12959,13008,13249,13269,13362,13375,13412,13462,13481,13491,13521,13572,13898,13942,14001,14009,14013,14044,14209,14299,14511,14572,14593,14676,14692,14732,14745,14780,14785,14787,14990,14991,15221,15248,15259,15268,15285,15398,15426,15551,15624,15646,15655,15687,15690,15911,15920,15930,15989,16001,16041,16074,16105,16177,16216,16309,16443,16549,16606,16644,16880,16899,16951,17043,17167,17267,17361,17362,17366,17407,17509,17566,17614,17796,17836,17844,17853,17863,17989,18091,18263,18564,18599,18601,18827,18911,18922,18924,18930,19058,19067,19233,19267,19558,19563,19571,19625,19686,19724,19771,19796,19800,19863,19986,20024,20131,20143,20204,20250,20349,20361,20468,20684,20697,20781,20879,20928,20958,21028,21032,21087,21104,21166,21202,21252,21267,21290,21331,21458,21524,21731,21807,21864,21927,22112,22239,22252,22389,22458,22562,22972,23041,23091,23125,23167,23209,23228,23301,23376,23546,23560,23580,23593,23729,23946,23978,24061,24066,24149,24194,24198,24201,24268,24383,24504,24508,24513,24668,24765,24910,24923,25253,25337,25402,25522,25595,25622,25629,25689,25775,25782,25789,25995,26055,26067,26091,26160,26186,26481,26678,26841,27019,27132,27191,27237,27593,27655,27826,27843,27847,27927,27976,28303,28347,28488,28505,28774,28972,29110,29197,29345,29485,29544,29578,29749,29842,30058,30068,30105,30184,30250,30338,30345,30443,30451,30482,30778,30833,30897,30898,31023,31051,31160,31247,31253,31298,31316,31356,31370,31392,31485,31543,31585,31610,31799,31822,31861,31960,32174,32509,32595,32893,32963,32964,32966,33176,33178,33188,33381,33609,33719,33733,33799,33816,33967,34103,34162,34307,34332,34371,34391,34535,34700,34957,35006,35318,35476,35651,35654,35786,35817,36171,36673,36714,36744,36791,36825,36957,37057,37109,37161,37220,37222,37335,37489,37592,37751,37824,38043,38074,38116,38159,38486,38533,38823,38894,38924,38938,38955,39055,39208,39549,39610,39872,39890,39898,39988,40251,40293,40440,40508,40605,40831,40899,41671,42165,42415,42514,42565,42629,42717,42752,42893,42895,43542,43769,44270,44804,45167,45261,45328,45396,46051,46097,46138,46369,46447,46481,46878,46900,47089,47188,47536,47635,47639,47873,47928,48402,48449,48613,48662,48698,49174,49211,49232,49503,49552,49628,49847,50013,50093,50103,50372,50803,50843,51381,51677,52003,52084,52318,52557,52722,52755,52932,53400,53555,53888,54046,54202,54587,54879,55119,55640,55679,55693,55807,56059,56514,57140,57504,57509,57627,58200,58489,59183,59677,60699,60709,60722,60795,60975,61133,61320,61462,61841,62023,62029,62160,62399,62469,62710,63245,63521,64055,64222,65311,65329,65954,66479,66520,66891,66958,67152,67269,67810,67988,68335,68348,69123,69184,69279,69445,69495,70079,70407,70527,70707,70869,71086,71237,71574,71580,72427,73128,73134,73323,73462,73575,73619,73703,74366,74394,74730,75641,75642,75793,76242,76392,76468,77882,77925,78176,78194,78262,78385,78462,78527,78530,78565,79042,79121,79171,79226,79281,79628,79819,80020,80156,80322,80985,80989,81037,81305,81848,82476,82523,82934,83435,83666,84085,84267,84531,84587,84683,84782,85236,85870,86246,86899,86921,86966,87378,87416,87522,87557,87700,88186,88209,88291,88524,89049,89110,89256,90290,93616,94074,95098,95640,96545,97319,97379,97488,97645,98874,99170,99178,99382,100196,100276,100555,100814,101650,101748,102002,102630,102804,103087,103389,104848,105877,106253,106310,108152,108645,108754,109510,109821,110131,110475,110740,110971,112695,112808,114037,114311,114745,115004,115080,116357,118026,118055,118334,118444,119161,119268,120521,121621,122750,122828,123570,124756,124998,125123,125394,126215,126358,126755,127018,127176,128343,129012,129220,129449,129459,129461,129642,130544,130635,130929,132889,133462,134890,135926,136226,137074,137075,137258,139394,140784,141069,141634,143353,145538,146208,146269,147451,151328,153451,154192,154635,156684,158044,158268,158502,159967,160048,163928,164510,165239,165335,166617,166833,168315,168494,170531,170924,171373,172810,174279,175508,175805,176043,177296,178076,178530,179584,181321,181379,182975,183299,187211,187805,187815,188434,189124,189805,191248,193339,195549,198852,199532,201376,201394,202147,202200,204028,204560,206189,208876,210746,211872,212995,216443,224655,224809,225228,225578,230145,231401,234701,236578,239418,240541,240570,241367,241444,242943,246924,248257,248504,249345,249932,249945,250535,250886,252277,252563,254340,254483,255414,255502,255720,256688,256962,263836,264149,264397,265103,266061,266716,268237,269190,271548,272111,273440,273693,274714,276631,276780,276963,277769,279781,279810,281768,282284,282787,284488,285512,286652,287711,289096,291864,296439,297298,297301,300842,301196,302972,303553,304339,307310,307912,308659,309053,312706,315692,317809,325782,328207,329105,329299,336278,341872,342830,343878,345117,350795,353068,353493,353617,356985,357937,361481,365253,367212,387591,390851,391077,394720,397133,418861,420874,434679,441028,449037,456168,465575,467574,480556,485285,501420,510478,513360,516434,518096,522007,541476,543926,547414,551780,599522,607690,717208,747878,761452,776025,782873,806512,832778,952783,1029660,1088440,1106020,1294770,1331100,1395380,1427090,1460590,1518460
Count , 1,3,1,1,1,1,1,1,1,1,1,1,1,1,1,1,1,1,1,1,1,1,1,1,1,1,1,1,1,1,1,1,1,1,1,1,1,1,1,2,1,1,1,1,1,1,1,1,2,1,1,1,1,1,1,1,1,1,1,1,1,1,1,1,1,1,1,1,1,2,1,1,1,1,1,1,1,1,1,1,1,1,1,1,1,1,1,1,1,1,1,1,1,1,1,1,1,1,1,1,1,1,1,1,1,2,1,1,1,1,1,1,1,1,1,2,1,1,1,1,1,1,1,1,1,1,1,1,1,1,1,1,1,1,1,1,1,1,1,3,1,1,1,1,1,1,1,1,1,1,1,1,1,1,1,1,1,1,1,1,1,1,1,1,1,1,1,2,1,1,1,1,1,2,1,1,1,1,1,1,1,1,1,2,1,1,1,1,1,1,1,2,1,1,1,1,4,2,1,1,1,1,1,1,1,1,1,1,1,1,1,1,1,1,1,1,1,1,1,1,1,1,1,1,1,1,1,1,1,1,1,1,1,1,1,1,1,1,1,1,1,1,1,2,1,1,1,1,1,1,1,1,1,1,1,1,1,1,1,2,1,1,1,2,1,1,1,1,1,1,1,1,1,1,1,1,1,1,1,1,3,1,1,1,1,1,1,2,2,1,1,1,1,1,1,1,1,1,1,1,1,1,1,1,1,1,1,1,1,1,1,1,2,1,1,2,1,1,1,1,1,1,1,1,1,1,1,1,1,2,1,1,1,1,1,1,1,1,1,1,1,1,1,2,1,1,1,1,1,1,3,1,1,1,1,1,1,1,1,1,1,1,1,1,1,1,1,1,1,1,1,1,1,2,1,1,1,1,1,1,1,1,1,2,1,1,1,1,1,1,1,1,1,2,2,1,1,1,2,1,1,1,1,1,2,1,1,1,1,1,1,1,1,1,1,1,1,1,1,1,1,1,1,1,1,1,1,1,1,1,1,1,1,1,1,1,1,1,1,1,1,1,2,1,1,1,1,1,1,1,1,1,1,1,1,1,1,1,1,1,1,2,1,1,1,1,1,1,1,1,2,1,1,1,1,1,1,1,1,1,1,1,1,1,1,1,1,1,1,1,1,1,1,1,1,1,1,1,1,1,1,1,2,1,1,1,1,1,1,1,1,1,1,1,1,1,1,1,1,1,1,1,1,1,1,1,1,1,1,1,1,1,1,1,1,1,1,1,1,1,1,1,1,1,1,1,1,1,1,1,1,1,1,1,1,1,1,1,1,1,1,1,1,1,1,1,1,1,1,1,1,1,1,1,1,1,1,1,1,1,1,1,1,1,1,1,1,1,1,2,2,1,1,1,2,1,1,1,1,1,1,1,1,1,1,1,1,1,1,1,2,1,1,1,1,1,1,1,1,1,1,1,1,1,1,1,1,1,1,1,1,1,1,1,1,1,1,1,1,1,1,1,1,1,1,1,1,1,1,1,1,1,1,1,1,1,1,1,1,1,1,1,1,1,1,1,1,1,2,1,1,1,1,1,1,1,1,1,1,1,1,1,1,1,1,1,1,1,2,1,1,1,1,1,1,1,1,1,1,1,1,1,1,2,1,1,1,1,1,1,1,1,1,1,1,1,1,1,1,1,1,1,1,1,1,1,1,1,2,1,1,1,2,1,2,1,1,1,1,1,1,1,1,1,1,1,1,1,2,1,1,2,1,1,1,1,1,1,1,1,2,1,1,1,2,1,1,1,2,1,1,2,1,1,1,1,1,1,1,1,1,1,1,1,1,1,1,1,1,1,1,1,1,1,1,1,1,1,1,1,2,1,1,1,1,1,1,1,1,1,1,1,1,1,1,1,1,1,1,2,1,1,1,2,1,1,1,1,1,1,1,1,1,1,1,1,1,1,1,1,1,1,1,1,1,1,1,1,1,1,1,1,1,1,1,1,1,1,1,1,1,1,1,1,1,1,1,1,1,1,1,1,1,1,1,1,1,1,1,1,1,1,1,3,1,2,1,1,1,1,1,2,1,1,1,1,1,1,1,1,1,1,1,1,1,1,1,1,1,1,1,1,1,1,1,1,1,1,1,1,1,1,2,1,1,1,1,1,1,1,2,1,1,1,1,1,1,2,1,2,2,1,1,1,1,2,1,1,2,1,1,1,1,1,1,1,1,1,1,1,1,2,2,1,1,1,1,1,1,1,1,1,1,2,1,1,1,1,1,2,1,1,1,1,1,1,1,2,1,1,1,1,1,1,1,1,1,1,1,1,1,1,1,1,1,2,1,1,1,2,1,1,1,1,1,1,1,1,1,1,1,1,1,1,1,1,1,1,1,1,1,1,1,1,1,1,1,1,1,1,1,1,1,1,1,1,1,1,1,1,1,1,1,1,1,1,1,1,1,1,1,1,1,1,1,1,1,1,1,1,1,1,1,1,1,1,1,1,2,1,1,1,1,1,1,1,1,1,1,2,1,1,1,2,1,1,1,1,1,1,1,1,1,1,1,2,1,1,1,1,1,1,1,1,1,1,2,1,1,1,1,1,1,1,1,1,1,1,1,1,1,1,1,1,1,1,1,2,1,1,1,1,1,1,2,1,1,1,1,1,2,1,1,1,1,1,1,1,1,1,1,1,1,1,1,1,1,1,1,1,1,1,2,1,1,1,2,1,1,1,1,1,1,1,1,1,1,1,1,1,1,1,1,1,1,1,1,1,1,1,1,1,1,1,1,2,1,1,1,1,2,1,1,2,1,1,1,1,1,1,1,1,1,1,1,1,1,1,1,1,1,1,1,2,1,1,1,1,1,1,1,1,1,1,1,1,1,1,1,1,1,1,1,1,1,1,1,1,1,1,1,1,1,1,1,1,1,1,1,1,1,1,1,1,1,1,1,1,1

# InDel lengths


# Base changes

base  , A  , C  , G  , T 
 A  , 0  , 69  , 166  , 39 
 C  , 66  , 0  , 63  , 239 
 G  , 226  , 70  , 0  , 65 
 T  , 50  , 160  , 54  , 0 

# Ts/Tv summary

Transitions , 26499
Transversions , 14197
Ts_Tv_ratio , 1.866521

# Ts/Tv : All variants

Sample ,ARG482_1,ARG482_3,ARG482_4,ARG482_5,BOV730_1,BOV730_2,BOV730_3,BOV730_4,BOV730_5,BOV461_1,BOV461_2,BOV461_4,BOV461_5,BOV968_1,BOV968_2,BOV968_3,BOV968_4,BOV968_5,BOV1133_1,BOV1133_2,BOV1133_3,BOV1133_4,BOV1133_5,BOV1083_1,BOV1083_2,BOV1083_3,BOV1083_4,BOV1083_5,BOV389_1,BOV389_2,BOV389_3,BOV389_4,BOV389_5,BOV320_1,BOV320_2,BOV320_3,BOV320_4,BOV320_5,BOV705_1,BOV705_2,BOV705_3,BOV705_5,BOV360_1,BOV360_2,BOV360_3,BOV360_4,BOV360_5,BOV1002_1,BOV1002_2,BOV1002_3,BOV1002_4,BOV1002_5,BOV1037_1,BOV1037_2,BOV1037_3,BOV1037_4,BOV1037_5,BOV438_1,BOV438_2,BOV438_3,BOV438_4,BOV438_5,BOV1062_1,BOV1062_2,BOV1062_3,BOV1062_4,BOV1062_5,BOV585_1,BOV585_2,BOV585_3,BOV585_4,BOV585_5,BOV725_1,BOV725_2,BOV725_3,BOV725_4,BOV725_5,BOV1032_1,BOV1032_2,BOV1032_3,BOV1032_4,BOV1032_5,B73_1,CML322,B73xCML322,BOV623_1,BOV623_2,BOV623_3,BOV623_4,BOV623_5,B73_2,Mo17,B73xMo17,Total
Transitions ,223,254,405,285,269,310,377,416,267,353,398,249,309,361,346,346,275,213,213,333,230,378,308,313,289,67,335,308,367,363,419,268,263,28,92,148,323,338,404,208,8,34,153,180,316,388,329,13,11,57,25,252,459,393,411,371,267,268,345,376,334,376,413,354,251,393,384,360,400,398,393,317,267,332,366,373,389,344,311,440,273,369,0,403,218,309,289,297,233,279,0,209,118,26499
Transversions ,162,196,225,194,153,170,208,241,145,224,230,169,164,194,164,196,148,111,98,165,117,188,179,132,130,42,157,155,186,190,220,129,119,23,68,102,176,181,222,111,7,23,75,93,166,196,160,7,6,41,12,116,257,205,202,186,151,117,158,209,183,186,218,177,119,203,185,200,216,202,201,178,124,186,156,184,202,183,168,235,141,212,0,207,110,194,170,167,134,170,0,138,77,14197
Ts/Tv ,1.377,1.296,1.800,1.469,1.758,1.824,1.813,1.726,1.841,1.576,1.730,1.473,1.884,1.861,2.110,1.765,1.858,1.919,2.173,2.018,1.966,2.011,1.721,2.371,2.223,1.595,2.134,1.987,1.973,1.911,1.905,2.078,2.210,1.217,1.353,1.451,1.835,1.867,1.820,1.874,1.143,1.478,2.040,1.935,1.904,1.980,2.056,1.857,1.833,1.390,2.083,2.172,1.786,1.917,2.035,1.995,1.768,2.291,2.184,1.799,1.825,2.022,1.894,2.000,2.109,1.936,2.076,1.800,1.852,1.970,1.955,1.781,2.153,1.785,2.346,2.027,1.926,1.880,1.851,1.872,1.936,1.741,NaN,1.947,1.982,1.593,1.700,1.778,1.739,1.641,NaN,1.514,1.532,1.867


# Ts/Tv : Known variants

Sample ,ARG482_1,ARG482_3,ARG482_4,ARG482_5,BOV730_1,BOV730_2,BOV730_3,BOV730_4,BOV730_5,BOV461_1,BOV461_2,BOV461_4,BOV461_5,BOV968_1,BOV968_2,BOV968_3,BOV968_4,BOV968_5,BOV1133_1,BOV1133_2,BOV1133_3,BOV1133_4,BOV1133_5,BOV1083_1,BOV1083_2,BOV1083_3,BOV1083_4,BOV1083_5,BOV389_1,BOV389_2,BOV389_3,BOV389_4,BOV389_5,BOV320_1,BOV320_2,BOV320_3,BOV320_4,BOV320_5,BOV705_1,BOV705_2,BOV705_3,BOV705_5,BOV360_1,BOV360_2,BOV360_3,BOV360_4,BOV360_5,BOV1002_1,BOV1002_2,BOV1002_3,BOV1002_4,BOV1002_5,BOV1037_1,BOV1037_2,BOV1037_3,BOV1037_4,BOV1037_5,BOV438_1,BOV438_2,BOV438_3,BOV438_4,BOV438_5,BOV1062_1,BOV1062_2,BOV1062_3,BOV1062_4,BOV1062_5,BOV585_1,BOV585_2,BOV585_3,BOV585_4,BOV585_5,BOV725_1,BOV725_2,BOV725_3,BOV725_4,BOV725_5,BOV1032_1,BOV1032_2,BOV1032_3,BOV1032_4,BOV1032_5,B73_1,CML322,B73xCML322,BOV623_1,BOV623_2,BOV623_3,BOV623_4,BOV623_5,B73_2,Mo17,B73xMo17,Total
Transitions ,171,182,319,227,180,224,263,322,189,285,297,205,244,271,242,257,188,167,170,251,165,293,239,243,229,53,247,245,274,293,310,189,176,19,76,109,246,259,321,152,7,23,121,126,235,273,252,10,6,37,16,185,372,303,319,288,221,221,281,290,246,308,332,266,207,317,296,281,317,307,313,242,200,270,266,294,289,263,244,358,218,306,0,339,174,207,203,216,155,192,0,137,71,20212
Transversions ,129,160,161,156,103,120,137,174,99,182,175,131,132,124,105,145,90,77,66,115,72,136,127,98,92,27,119,106,125,134,146,92,77,13,52,74,128,130,163,76,2,13,49,60,111,133,114,3,2,23,5,75,192,155,134,125,111,83,116,143,124,136,154,120,84,157,137,164,166,153,159,134,82,139,110,132,145,121,122,171,98,162,0,168,88,124,115,112,85,107,0,104,55,10145
Ts/Tv ,1.326,1.138,1.981,1.455,1.748,1.867,1.920,1.851,1.909,1.566,1.697,1.565,1.848,2.185,2.305,1.772,2.089,2.169,2.576,2.183,2.292,2.154,1.882,2.480,2.489,1.963,2.076,2.311,2.192,2.187,2.123,2.054,2.286,1.462,1.462,1.473,1.922,1.992,1.969,2.000,3.500,1.769,2.469,2.100,2.117,2.053,2.211,3.333,3.000,1.609,3.200,2.467,1.938,1.955,2.381,2.304,1.991,2.663,2.422,2.028,1.984,2.265,2.156,2.217,2.464,2.019,2.161,1.713,1.910,2.007,1.969,1.806,2.439,1.942,2.418,2.227,1.993,2.174,2.000,2.094,2.224,1.889,NaN,2.018,1.977,1.669,1.765,1.929,1.824,1.794,NaN,1.317,1.291,1.992


# Allele frequency

# Allele frequency : All variants

Values , 0,2,3,4,5,6,7,8,9,10,11,12,13,14,15,16,17,18,19,20,21,22,23,24,25,26,27,28,29,30,31,32,33,34,35,36,37,38,39,40,41,42,43,44,45,46,47,48,49,50,51,52,53,54,55,56,57,58,60,61,62,63,64,65,66,67,68,69,70,71,72,73,74,75,76,77,78,80,81,82,83,84,85,86,87,88,90,91,92,93,94,95
Count , 18,119,98,63,49,62,39,40,41,39,23,24,18,26,25,17,16,19,10,15,12,7,16,12,12,7,14,8,8,12,5,9,14,9,13,18,12,15,10,8,9,14,7,3,9,8,8,9,3,15,11,9,9,6,6,7,21,20,10,10,4,1,2,2,3,2,1,2,5,2,1,4,3,2,1,5,3,4,2,4,2,3,1,3,3,1,4,3,3,5,2,8

# Allele Count

Values , 0,1,2,3,4,5,6,7,8,9,10,11,12,13,14,15,16,17,18,19,20,21,22,23,24,25,26,27,28,29,30,31,32,33,34,35,36,37,38,39,40,41,42,43,44,45,46,47,48,49,50,51,52,53,54,55,56,57,58,59,60,61,62,63,64,65,66,67,68,69,70,71,72,73,74,75,76,77,78,79,80,81,82,83,84,85,86,87,88,89,90,91,92,93,94,95,96,97,98,99,100,101,102,104,107,108,110,111,112,113,115,118,119,121,124,125,127,128,129,130,132,134,137,139,140,141,147,148,150,154,156,159,160,162,165,166,170,177
Count , 18,10,51,37,107,48,41,35,55,31,30,43,31,23,16,37,22,15,20,15,25,17,6,8,7,12,15,10,7,5,10,3,8,15,6,4,8,11,7,6,3,7,9,8,3,6,6,8,6,7,9,4,5,2,9,3,12,4,15,14,1,9,1,11,12,7,2,4,5,8,1,6,2,2,4,8,3,4,8,2,4,2,8,6,4,4,4,7,6,3,1,6,2,9,5,10,1,5,4,5,2,4,2,1,3,1,2,1,1,1,1,1,2,2,2,1,2,1,1,1,1,3,1,1,1,2,3,1,1,1,1,1,1,1,1,2,1,1

# Hom/Het table

Sample_names , ARG482_1, ARG482_3, ARG482_4, ARG482_5, BOV730_1, BOV730_2, BOV730_3, BOV730_4, BOV730_5, BOV461_1, BOV461_2, BOV461_4, BOV461_5, BOV968_1, BOV968_2, BOV968_3, BOV968_4, BOV968_5, BOV1133_1, BOV1133_2, BOV1133_3, BOV1133_4, BOV1133_5, BOV1083_1, BOV1083_2, BOV1083_3, BOV1083_4, BOV1083_5, BOV389_1, BOV389_2, BOV389_3, BOV389_4, BOV389_5, BOV320_1, BOV320_2, BOV320_3, BOV320_4, BOV320_5, BOV705_1, BOV705_2, BOV705_3, BOV705_5, BOV360_1, BOV360_2, BOV360_3, BOV360_4, BOV360_5, BOV1002_1, BOV1002_2, BOV1002_3, BOV1002_4, BOV1002_5, BOV1037_1, BOV1037_2, BOV1037_3, BOV1037_4, BOV1037_5, BOV438_1, BOV438_2, BOV438_3, BOV438_4, BOV438_5, BOV1062_1, BOV1062_2, BOV1062_3, BOV1062_4, BOV1062_5, BOV585_1, BOV585_2, BOV585_3, BOV585_4, BOV585_5, BOV725_1, BOV725_2, BOV725_3, BOV725_4, BOV725_5, BOV1032_1, BOV1032_2, BOV1032_3, BOV1032_4, BOV1032_5, B73_1, CML322, B73xCML322, BOV623_1, BOV623_2, BOV623_3, BOV623_4, BOV623_5, B73_2, Mo17, B73xMo17
Reference , 803, 725, 686, 741, 538, 712, 565, 667, 774, 653, 626, 748, 606, 512, 744, 632, 716, 450, 673, 605, 646, 696, 729, 657, 563, 177, 501, 544, 576, 681, 568, 719, 452, 49, 273, 447, 623, 660, 636, 527, 30, 106, 267, 411, 543, 578, 589, 38, 21, 189, 98, 619, 531, 648, 614, 574, 375, 516, 466, 681, 684, 688, 665, 681, 433, 650, 550, 593, 623, 657, 595, 673, 520, 727, 663, 689, 728, 681, 624, 645, 612, 611, 1196, 671, 870, 733, 692, 763, 775, 752, 1212, 900, 1008
Het , 267, 232, 188, 249, 212, 242, 309, 187, 202, 243, 484, 242, 151, 263, 298, 302, 195, 172, 55, 208, 119, 202, 163, 173, 139, 45, 210, 169, 271, 167, 193, 211, 162, 13, 62, 68, 227, 213, 226, 177, 5, 29, 110, 145, 258, 348, 221, 4, 5, 38, 13, 204, 212, 268, 159, 159, 128, 89, 147, 139, 171, 116, 127, 167, 94, 194, 149, 294, 250, 338, 314, 251, 193, 130, 228, 199, 181, 201, 209, 167, 200, 227, 0, 44, 324, 205, 203, 250, 179, 225, 0, 43, 193
Hom , 59, 109, 221, 115, 105, 119, 138, 235, 105, 167, 72, 88, 161, 146, 106, 120, 114, 76, 128, 145, 114, 182, 162, 136, 140, 32, 141, 147, 141, 193, 223, 93, 110, 19, 49, 91, 136, 153, 200, 71, 5, 14, 59, 64, 112, 118, 134, 8, 6, 30, 12, 82, 252, 165, 227, 199, 145, 148, 178, 223, 173, 223, 252, 182, 138, 201, 210, 133, 183, 131, 140, 122, 99, 194, 147, 179, 205, 163, 135, 254, 107, 177, 0, 283, 2, 149, 128, 107, 94, 112, 0, 152, 1
Missing , 138, 201, 172, 162, 412, 194, 255, 178, 186, 204, 85, 189, 349, 346, 119, 213, 242, 569, 411, 309, 388, 187, 213, 301, 425, 1013, 415, 407, 279, 226, 283, 244, 543, 1186, 883, 661, 281, 241, 205, 492, 1227, 1118, 831, 647, 354, 223, 323, 1217, 1235, 1010, 1144, 362, 272, 186, 267, 335, 619, 514, 476, 224, 239, 240, 223, 237, 602, 222, 358, 247, 211, 141, 218, 221, 455, 216, 229, 200, 153, 222, 299, 201, 348, 252, 71, 269, 71, 180, 244, 147, 219, 178, 55, 172, 65


# Codon change table
	
codons  , AAA  , AAC  , AAG  , AAT  , ACA  , ACC  , ACG  , ACT  , AGA  , AGC  , AGG  , AGT  , ATA  , ATC  , ATG  , ATT  , CAA  , CAC  , CAG  , CAT  , CCA  , CCC  , CCG  , CCT  , CGA  , CGC  , CGG  , CGT  , CTA  , CTC  , CTG  , CTT  , GAA  , GAC  , GAG  , GAT  , GCA  , GCC  , GCG  , GCT  , GGA  , GGC  , GGG  , GGT  , GTA  , GTC  , GTG  , GTT  , TAA  , TAC  , TAG  , TAT  , TCA  , TCC  , TCG  , TCT  , TGA  , TGC  , TGG  , TGT  , TTA  , TTC  , TTG  , TTT 
 AAA   , 0  , 0  , 2  , 0  , 0  , 0  , 0  , 0  , 0  , 0  , 0  , 0  , 0  , 0  , 0  , 0  , 0  , 0  , 0  , 0  , 0  , 0  , 0  , 0  , 0  , 0  , 0  , 0  , 0  , 0  , 0  , 0  , 0  , 0  , 0  , 0  , 0  , 0  , 0  , 0  , 0  , 0  , 0  , 0  , 0  , 0  , 0  , 0  , 0  , 0  , 0  , 0  , 0  , 0  , 0  , 0  , 0  , 0  , 0  , 0  , 0  , 0  , 0  , 0 
 AAC   , 2  , 0  , 0  , 4  , 0  , 0  , 0  , 0  , 0  , 0  , 0  , 0  , 0  , 0  , 0  , 0  , 0  , 0  , 0  , 0  , 0  , 0  , 0  , 0  , 0  , 0  , 0  , 0  , 0  , 0  , 0  , 0  , 0  , 1  , 0  , 0  , 0  , 0  , 0  , 0  , 0  , 0  , 0  , 0  , 0  , 0  , 0  , 0  , 0  , 0  , 0  , 0  , 0  , 0  , 0  , 0  , 0  , 0  , 0  , 0  , 0  , 0  , 0  , 0 
 AAG   , 1  , 0  , 0  , 0  , 0  , 0  , 0  , 0  , 0  , 0  , 0  , 0  , 0  , 0  , 0  , 0  , 0  , 0  , 0  , 0  , 0  , 0  , 0  , 0  , 0  , 0  , 0  , 0  , 0  , 0  , 0  , 0  , 0  , 0  , 0  , 0  , 0  , 0  , 0  , 0  , 0  , 0  , 0  , 0  , 0  , 0  , 0  , 0  , 0  , 0  , 0  , 0  , 0  , 0  , 0  , 0  , 0  , 0  , 0  , 0  , 0  , 0  , 0  , 0 
 AAT   , 0  , 0  , 0  , 0  , 0  , 0  , 0  , 0  , 0  , 0  , 0  , 1  , 0  , 0  , 0  , 0  , 0  , 0  , 0  , 0  , 0  , 0  , 0  , 0  , 0  , 0  , 0  , 0  , 0  , 0  , 0  , 0  , 0  , 0  , 0  , 0  , 0  , 0  , 0  , 0  , 0  , 0  , 0  , 0  , 0  , 0  , 0  , 0  , 0  , 0  , 0  , 0  , 0  , 0  , 0  , 0  , 0  , 0  , 0  , 0  , 0  , 0  , 0  , 0 
 ACA   , 0  , 0  , 0  , 0  , 0  , 1  , 2  , 1  , 0  , 0  , 0  , 0  , 0  , 0  , 0  , 0  , 0  , 0  , 0  , 0  , 0  , 0  , 0  , 0  , 0  , 0  , 0  , 0  , 0  , 0  , 0  , 0  , 0  , 0  , 0  , 0  , 0  , 0  , 0  , 0  , 0  , 0  , 0  , 0  , 0  , 0  , 0  , 0  , 0  , 0  , 0  , 0  , 0  , 0  , 0  , 0  , 0  , 0  , 0  , 0  , 0  , 0  , 0  , 0 
 ACC   , 0  , 0  , 0  , 0  , 1  , 0  , 0  , 1  , 0  , 0  , 0  , 0  , 0  , 1  , 0  , 0  , 0  , 0  , 0  , 0  , 0  , 0  , 0  , 0  , 0  , 0  , 0  , 0  , 0  , 0  , 0  , 0  , 0  , 0  , 0  , 0  , 0  , 2  , 0  , 0  , 0  , 0  , 0  , 0  , 0  , 0  , 0  , 0  , 0  , 0  , 0  , 0  , 0  , 0  , 0  , 0  , 0  , 0  , 0  , 0  , 0  , 0  , 0  , 0 
 ACG   , 0  , 0  , 0  , 0  , 6  , 0  , 0  , 2  , 0  , 0  , 0  , 0  , 0  , 0  , 1  , 0  , 0  , 0  , 0  , 0  , 0  , 0  , 0  , 0  , 0  , 0  , 0  , 0  , 0  , 0  , 0  , 0  , 0  , 0  , 0  , 0  , 0  , 0  , 2  , 0  , 0  , 0  , 0  , 0  , 0  , 0  , 0  , 0  , 0  , 0  , 0  , 0  , 0  , 0  , 1  , 0  , 0  , 0  , 0  , 0  , 0  , 0  , 0  , 0 
 ACT   , 0  , 0  , 0  , 0  , 0  , 0  , 0  , 0  , 0  , 0  , 0  , 1  , 0  , 0  , 0  , 0  , 0  , 0  , 0  , 0  , 0  , 0  , 0  , 0  , 0  , 0  , 0  , 0  , 0  , 0  , 0  , 0  , 0  , 0  , 0  , 0  , 0  , 0  , 0  , 0  , 0  , 0  , 0  , 0  , 0  , 0  , 0  , 0  , 0  , 0  , 0  , 0  , 0  , 0  , 0  , 0  , 0  , 0  , 0  , 0  , 0  , 0  , 0  , 0 
 AGA   , 0  , 0  , 0  , 0  , 0  , 0  , 0  , 0  , 0  , 0  , 0  , 0  , 0  , 0  , 0  , 0  , 0  , 0  , 0  , 0  , 0  , 0  , 0  , 0  , 0  , 0  , 0  , 0  , 0  , 0  , 0  , 0  , 0  , 0  , 0  , 0  , 0  , 0  , 0  , 0  , 1  , 0  , 0  , 0  , 0  , 0  , 0  , 0  , 0  , 0  , 0  , 0  , 0  , 0  , 0  , 0  , 0  , 0  , 0  , 0  , 0  , 0  , 0  , 0 
 AGC   , 0  , 0  , 0  , 0  , 0  , 0  , 0  , 0  , 0  , 0  , 0  , 3  , 0  , 0  , 0  , 0  , 0  , 0  , 0  , 0  , 0  , 0  , 0  , 0  , 0  , 0  , 0  , 0  , 0  , 0  , 0  , 0  , 0  , 0  , 0  , 0  , 0  , 0  , 0  , 0  , 0  , 0  , 0  , 0  , 0  , 0  , 0  , 0  , 0  , 0  , 0  , 0  , 0  , 0  , 0  , 0  , 0  , 0  , 0  , 0  , 0  , 0  , 0  , 0 
 AGG   , 0  , 0  , 1  , 0  , 0  , 0  , 0  , 0  , 2  , 0  , 0  , 0  , 0  , 0  , 0  , 0  , 0  , 0  , 0  , 0  , 0  , 0  , 0  , 0  , 0  , 0  , 0  , 0  , 0  , 0  , 0  , 0  , 0  , 0  , 0  , 0  , 0  , 0  , 0  , 0  , 0  , 0  , 0  , 0  , 0  , 0  , 0  , 0  , 0  , 0  , 0  , 0  , 0  , 0  , 0  , 0  , 0  , 0  , 0  , 0  , 0  , 0  , 0  , 0 
 AGT   , 0  , 0  , 0  , 2  , 0  , 0  , 0  , 0  , 0  , 0  , 0  , 0  , 0  , 0  , 0  , 0  , 0  , 0  , 0  , 0  , 0  , 0  , 0  , 0  , 0  , 0  , 0  , 0  , 0  , 0  , 0  , 0  , 0  , 0  , 0  , 0  , 0  , 0  , 0  , 0  , 0  , 0  , 0  , 1  , 0  , 0  , 0  , 0  , 0  , 0  , 0  , 0  , 0  , 0  , 0  , 0  , 0  , 0  , 0  , 0  , 0  , 0  , 0  , 0 
 ATA   , 0  , 0  , 0  , 0  , 0  , 0  , 0  , 0  , 0  , 0  , 0  , 0  , 0  , 0  , 0  , 1  , 0  , 0  , 0  , 0  , 0  , 0  , 0  , 0  , 0  , 0  , 0  , 0  , 0  , 0  , 0  , 0  , 0  , 0  , 0  , 0  , 0  , 0  , 0  , 0  , 0  , 0  , 0  , 0  , 0  , 0  , 0  , 0  , 0  , 0  , 0  , 0  , 0  , 0  , 0  , 0  , 0  , 0  , 0  , 0  , 0  , 0  , 0  , 0 
 ATC   , 0  , 0  , 0  , 0  , 0  , 0  , 0  , 0  , 0  , 0  , 0  , 0  , 0  , 0  , 0  , 1  , 0  , 0  , 0  , 0  , 0  , 0  , 0  , 0  , 0  , 0  , 0  , 0  , 0  , 0  , 0  , 0  , 0  , 0  , 0  , 0  , 0  , 0  , 0  , 0  , 0  , 0  , 0  , 0  , 0  , 1  , 0  , 0  , 0  , 0  , 0  , 0  , 0  , 0  , 0  , 0  , 0  , 0  , 0  , 0  , 0  , 0  , 0  , 0 
 ATG   , 0  , 0  , 0  , 0  , 0  , 0  , 0  , 0  , 0  , 0  , 0  , 0  , 0  , 0  , 0  , 0  , 0  , 0  , 0  , 0  , 0  , 0  , 0  , 0  , 0  , 0  , 0  , 0  , 0  , 0  , 0  , 0  , 0  , 0  , 0  , 0  , 0  , 0  , 0  , 0  , 0  , 0  , 0  , 0  , 0  , 0  , 1  , 0  , 0  , 0  , 0  , 0  , 0  , 0  , 0  , 0  , 0  , 0  , 0  , 0  , 0  , 0  , 1  , 0 
 ATT   , 0  , 0  , 0  , 0  , 0  , 0  , 0  , 0  , 0  , 0  , 0  , 0  , 0  , 1  , 0  , 0  , 0  , 0  , 0  , 0  , 0  , 0  , 0  , 0  , 0  , 0  , 0  , 0  , 0  , 0  , 0  , 0  , 0  , 0  , 0  , 0  , 0  , 0  , 0  , 0  , 0  , 0  , 0  , 0  , 0  , 0  , 0  , 1  , 0  , 0  , 0  , 0  , 0  , 0  , 0  , 0  , 0  , 0  , 0  , 0  , 0  , 0  , 0  , 0 
 CAA   , 0  , 0  , 0  , 0  , 0  , 0  , 0  , 0  , 0  , 0  , 0  , 0  , 0  , 0  , 0  , 0  , 0  , 0  , 3  , 0  , 0  , 0  , 0  , 0  , 0  , 0  , 0  , 0  , 0  , 0  , 0  , 0  , 0  , 0  , 0  , 0  , 0  , 0  , 0  , 0  , 0  , 0  , 0  , 0  , 0  , 0  , 0  , 0  , 1  , 0  , 0  , 0  , 0  , 0  , 0  , 0  , 0  , 0  , 0  , 0  , 0  , 0  , 0  , 0 
 CAC   , 0  , 0  , 0  , 0  , 0  , 0  , 0  , 0  , 0  , 0  , 0  , 0  , 0  , 0  , 0  , 0  , 0  , 0  , 0  , 5  , 0  , 0  , 0  , 0  , 0  , 2  , 0  , 0  , 0  , 0  , 0  , 0  , 0  , 0  , 0  , 0  , 0  , 0  , 0  , 0  , 0  , 0  , 0  , 0  , 0  , 0  , 0  , 0  , 0  , 0  , 0  , 0  , 0  , 0  , 0  , 0  , 0  , 0  , 0  , 0  , 0  , 0  , 0  , 0 
 CAG   , 0  , 0  , 0  , 0  , 0  , 0  , 0  , 0  , 0  , 0  , 0  , 0  , 0  , 0  , 0  , 0  , 3  , 1  , 0  , 1  , 0  , 0  , 0  , 0  , 0  , 0  , 0  , 0  , 0  , 0  , 0  , 0  , 0  , 0  , 0  , 0  , 0  , 0  , 0  , 0  , 0  , 0  , 0  , 0  , 0  , 0  , 0  , 0  , 0  , 0  , 2  , 0  , 0  , 0  , 0  , 0  , 0  , 0  , 0  , 0  , 0  , 0  , 0  , 0 
 CAT   , 0  , 0  , 0  , 0  , 0  , 0  , 0  , 0  , 0  , 0  , 0  , 0  , 0  , 0  , 0  , 0  , 0  , 2  , 0  , 0  , 0  , 0  , 0  , 1  , 0  , 0  , 0  , 1  , 0  , 0  , 0  , 0  , 0  , 0  , 0  , 0  , 0  , 0  , 0  , 0  , 0  , 0  , 0  , 0  , 0  , 0  , 0  , 0  , 0  , 0  , 0  , 0  , 0  , 0  , 0  , 0  , 0  , 0  , 0  , 0  , 0  , 0  , 0  , 0 
 CCA   , 0  , 0  , 0  , 0  , 0  , 0  , 0  , 0  , 0  , 0  , 0  , 0  , 0  , 0  , 0  , 0  , 1  , 0  , 0  , 0  , 0  , 1  , 1  , 0  , 0  , 0  , 0  , 0  , 1  , 0  , 0  , 0  , 0  , 0  , 0  , 0  , 0  , 0  , 0  , 0  , 0  , 0  , 0  , 0  , 0  , 0  , 0  , 0  , 0  , 0  , 0  , 0  , 0  , 0  , 0  , 0  , 0  , 0  , 0  , 0  , 0  , 0  , 0  , 0 
 CCC   , 0  , 0  , 0  , 0  , 0  , 0  , 0  , 0  , 0  , 0  , 0  , 0  , 0  , 0  , 0  , 0  , 0  , 0  , 0  , 0  , 1  , 0  , 0  , 0  , 0  , 2  , 0  , 0  , 0  , 1  , 0  , 0  , 0  , 0  , 0  , 0  , 0  , 0  , 0  , 0  , 0  , 0  , 0  , 0  , 0  , 0  , 0  , 0  , 0  , 0  , 0  , 0  , 0  , 0  , 0  , 0  , 0  , 0  , 0  , 0  , 0  , 0  , 0  , 0 
 CCG   , 0  , 0  , 0  , 0  , 0  , 0  , 0  , 0  , 0  , 0  , 0  , 0  , 0  , 0  , 0  , 0  , 0  , 0  , 0  , 0  , 5  , 0  , 0  , 0  , 0  , 0  , 0  , 0  , 0  , 0  , 0  , 0  , 0  , 0  , 0  , 0  , 0  , 0  , 0  , 0  , 0  , 0  , 0  , 0  , 0  , 0  , 0  , 0  , 0  , 0  , 0  , 0  , 0  , 0  , 0  , 0  , 0  , 0  , 0  , 0  , 0  , 0  , 0  , 0 
 CCT   , 0  , 0  , 0  , 0  , 0  , 0  , 0  , 0  , 0  , 0  , 0  , 0  , 0  , 0  , 0  , 0  , 0  , 0  , 0  , 1  , 1  , 1  , 0  , 0  , 0  , 0  , 0  , 0  , 0  , 0  , 0  , 1  , 0  , 0  , 0  , 0  , 0  , 0  , 0  , 0  , 0  , 0  , 0  , 0  , 0  , 0  , 0  , 0  , 0  , 0  , 0  , 0  , 0  , 0  , 0  , 0  , 0  , 0  , 0  , 0  , 0  , 0  , 0  , 0 
 CGA   , 0  , 0  , 0  , 0  , 0  , 0  , 0  , 0  , 0  , 0  , 0  , 0  , 0  , 0  , 0  , 0  , 0  , 0  , 0  , 0  , 0  , 0  , 0  , 0  , 0  , 0  , 2  , 0  , 0  , 0  , 0  , 0  , 0  , 0  , 0  , 0  , 0  , 0  , 0  , 0  , 1  , 0  , 0  , 0  , 0  , 0  , 0  , 0  , 0  , 0  , 0  , 0  , 0  , 0  , 0  , 0  , 1  , 0  , 0  , 0  , 0  , 0  , 0  , 0 
 CGC   , 0  , 0  , 0  , 0  , 0  , 0  , 0  , 0  , 0  , 0  , 0  , 0  , 0  , 0  , 0  , 0  , 0  , 0  , 0  , 0  , 0  , 1  , 0  , 0  , 0  , 0  , 0  , 2  , 0  , 0  , 0  , 0  , 0  , 0  , 0  , 0  , 0  , 0  , 0  , 0  , 0  , 1  , 0  , 0  , 0  , 0  , 0  , 0  , 0  , 0  , 0  , 0  , 0  , 0  , 0  , 0  , 0  , 0  , 0  , 0  , 0  , 0  , 0  , 0 
 CGG   , 0  , 0  , 0  , 0  , 0  , 0  , 0  , 0  , 0  , 0  , 0  , 0  , 0  , 0  , 0  , 0  , 0  , 0  , 0  , 0  , 0  , 0  , 0  , 0  , 6  , 2  , 0  , 0  , 0  , 0  , 0  , 0  , 0  , 0  , 0  , 0  , 0  , 0  , 0  , 0  , 0  , 0  , 0  , 0  , 0  , 0  , 0  , 0  , 0  , 0  , 0  , 0  , 0  , 0  , 0  , 0  , 0  , 0  , 2  , 0  , 0  , 0  , 0  , 0 
 CGT   , 0  , 0  , 0  , 0  , 0  , 0  , 0  , 0  , 0  , 0  , 0  , 0  , 0  , 0  , 0  , 0  , 0  , 0  , 0  , 1  , 0  , 0  , 0  , 0  , 0  , 2  , 0  , 0  , 0  , 0  , 0  , 0  , 0  , 0  , 0  , 0  , 0  , 0  , 0  , 0  , 0  , 0  , 0  , 0  , 0  , 0  , 0  , 0  , 0  , 0  , 0  , 0  , 0  , 0  , 0  , 0  , 0  , 0  , 0  , 2  , 0  , 0  , 0  , 0 
 CTA   , 0  , 0  , 0  , 0  , 0  , 0  , 0  , 0  , 0  , 0  , 0  , 0  , 0  , 0  , 0  , 0  , 0  , 0  , 0  , 0  , 0  , 0  , 0  , 0  , 0  , 0  , 0  , 0  , 0  , 1  , 0  , 0  , 0  , 0  , 0  , 0  , 0  , 0  , 0  , 0  , 0  , 0  , 0  , 0  , 0  , 0  , 0  , 0  , 0  , 0  , 0  , 0  , 0  , 0  , 0  , 0  , 0  , 0  , 0  , 0  , 3  , 0  , 0  , 0 
 CTC   , 0  , 0  , 0  , 0  , 0  , 0  , 0  , 0  , 0  , 0  , 0  , 0  , 0  , 0  , 0  , 0  , 0  , 0  , 0  , 0  , 0  , 0  , 0  , 0  , 0  , 0  , 0  , 0  , 0  , 0  , 0  , 0  , 0  , 0  , 0  , 0  , 0  , 0  , 0  , 0  , 0  , 0  , 0  , 0  , 0  , 0  , 0  , 0  , 0  , 0  , 0  , 0  , 0  , 0  , 0  , 0  , 0  , 0  , 0  , 0  , 0  , 0  , 0  , 0 
 CTG   , 0  , 0  , 0  , 0  , 0  , 0  , 0  , 0  , 0  , 0  , 0  , 0  , 0  , 0  , 0  , 0  , 0  , 0  , 0  , 0  , 0  , 0  , 1  , 0  , 0  , 0  , 0  , 0  , 10  , 0  , 0  , 0  , 0  , 0  , 0  , 0  , 0  , 0  , 0  , 0  , 0  , 0  , 0  , 0  , 0  , 0  , 0  , 0  , 0  , 0  , 0  , 0  , 0  , 0  , 0  , 0  , 0  , 0  , 0  , 0  , 0  , 0  , 7  , 0 
 CTT   , 0  , 0  , 0  , 0  , 0  , 0  , 0  , 0  , 0  , 0  , 0  , 0  , 0  , 0  , 0  , 1  , 0  , 0  , 0  , 0  , 0  , 0  , 0  , 0  , 0  , 0  , 0  , 0  , 0  , 0  , 0  , 0  , 0  , 0  , 0  , 0  , 0  , 0  , 0  , 0  , 0  , 0  , 0  , 0  , 0  , 0  , 0  , 0  , 0  , 0  , 0  , 0  , 0  , 0  , 0  , 0  , 0  , 0  , 0  , 0  , 0  , 0  , 0  , 1 
 GAA   , 0  , 0  , 0  , 0  , 0  , 0  , 0  , 0  , 0  , 0  , 0  , 0  , 0  , 0  , 0  , 0  , 0  , 0  , 0  , 0  , 0  , 0  , 0  , 0  , 0  , 0  , 0  , 0  , 0  , 0  , 0  , 0  , 0  , 1  , 1  , 0  , 0  , 0  , 0  , 0  , 0  , 0  , 0  , 0  , 0  , 0  , 0  , 0  , 0  , 0  , 0  , 0  , 0  , 0  , 0  , 0  , 0  , 0  , 0  , 0  , 0  , 0  , 0  , 0 
 GAC   , 0  , 0  , 0  , 0  , 0  , 0  , 0  , 0  , 0  , 0  , 0  , 0  , 0  , 0  , 0  , 0  , 0  , 1  , 0  , 0  , 0  , 0  , 0  , 0  , 0  , 0  , 0  , 0  , 0  , 0  , 0  , 0  , 0  , 0  , 0  , 3  , 0  , 2  , 0  , 0  , 0  , 2  , 0  , 0  , 0  , 0  , 0  , 0  , 0  , 0  , 0  , 0  , 0  , 0  , 0  , 0  , 0  , 0  , 0  , 0  , 0  , 0  , 0  , 0 
 GAG   , 0  , 0  , 1  , 0  , 0  , 0  , 0  , 0  , 0  , 0  , 0  , 0  , 0  , 0  , 0  , 0  , 0  , 0  , 1  , 0  , 0  , 0  , 0  , 0  , 0  , 0  , 0  , 0  , 0  , 0  , 0  , 0  , 5  , 3  , 0  , 2  , 0  , 0  , 0  , 0  , 0  , 0  , 0  , 0  , 0  , 0  , 0  , 0  , 0  , 0  , 0  , 0  , 0  , 0  , 0  , 0  , 0  , 0  , 0  , 0  , 0  , 0  , 0  , 0 
 GAT   , 0  , 0  , 0  , 0  , 0  , 0  , 0  , 0  , 0  , 0  , 0  , 0  , 0  , 0  , 0  , 0  , 0  , 0  , 0  , 0  , 0  , 0  , 0  , 0  , 0  , 0  , 0  , 0  , 0  , 0  , 0  , 0  , 0  , 0  , 0  , 0  , 0  , 0  , 0  , 0  , 0  , 0  , 0  , 2  , 0  , 0  , 0  , 0  , 0  , 0  , 0  , 1  , 0  , 0  , 0  , 0  , 0  , 0  , 0  , 0  , 0  , 0  , 0  , 0 
 GCA   , 0  , 0  , 0  , 0  , 0  , 0  , 0  , 0  , 0  , 0  , 0  , 0  , 0  , 0  , 0  , 0  , 0  , 0  , 0  , 0  , 1  , 0  , 0  , 0  , 0  , 0  , 0  , 0  , 0  , 0  , 0  , 0  , 0  , 0  , 0  , 0  , 0  , 5  , 4  , 2  , 0  , 0  , 0  , 0  , 1  , 0  , 0  , 0  , 0  , 0  , 0  , 0  , 0  , 0  , 0  , 0  , 0  , 0  , 0  , 0  , 0  , 0  , 0  , 0 
 GCC   , 0  , 0  , 0  , 0  , 0  , 1  , 0  , 0  , 0  , 0  , 0  , 0  , 0  , 0  , 0  , 0  , 0  , 0  , 0  , 0  , 0  , 1  , 0  , 0  , 0  , 0  , 0  , 0  , 0  , 0  , 0  , 0  , 0  , 2  , 0  , 0  , 1  , 0  , 3  , 8  , 0  , 0  , 0  , 0  , 0  , 2  , 0  , 0  , 0  , 0  , 0  , 0  , 0  , 0  , 0  , 0  , 0  , 0  , 0  , 0  , 0  , 0  , 0  , 0 
 GCG   , 0  , 0  , 0  , 0  , 0  , 0  , 3  , 0  , 0  , 0  , 0  , 0  , 0  , 0  , 0  , 0  , 0  , 0  , 0  , 0  , 0  , 0  , 1  , 0  , 0  , 0  , 0  , 0  , 0  , 0  , 0  , 0  , 0  , 0  , 0  , 0  , 1  , 1  , 0  , 0  , 0  , 0  , 0  , 0  , 0  , 0  , 3  , 0  , 0  , 0  , 0  , 0  , 0  , 0  , 0  , 0  , 0  , 0  , 0  , 0  , 0  , 0  , 0  , 0 
 GCT   , 0  , 0  , 0  , 0  , 0  , 0  , 0  , 3  , 0  , 0  , 0  , 0  , 0  , 0  , 0  , 0  , 0  , 0  , 0  , 0  , 0  , 0  , 0  , 2  , 0  , 0  , 0  , 0  , 0  , 0  , 0  , 0  , 0  , 0  , 0  , 1  , 0  , 2  , 0  , 0  , 0  , 0  , 0  , 1  , 0  , 0  , 0  , 4  , 0  , 0  , 0  , 0  , 0  , 0  , 0  , 0  , 0  , 0  , 0  , 0  , 0  , 0  , 0  , 0 
 GGA   , 0  , 0  , 0  , 0  , 0  , 0  , 0  , 0  , 2  , 0  , 0  , 0  , 0  , 0  , 0  , 0  , 0  , 0  , 0  , 0  , 0  , 0  , 0  , 0  , 0  , 0  , 0  , 0  , 0  , 0  , 0  , 0  , 0  , 0  , 0  , 0  , 0  , 0  , 0  , 0  , 0  , 1  , 1  , 0  , 0  , 0  , 0  , 0  , 0  , 0  , 0  , 0  , 0  , 0  , 0  , 0  , 0  , 0  , 0  , 0  , 0  , 0  , 0  , 0 
 GGC   , 0  , 0  , 0  , 0  , 0  , 0  , 0  , 0  , 0  , 3  , 0  , 0  , 0  , 0  , 0  , 0  , 0  , 0  , 0  , 0  , 0  , 0  , 0  , 0  , 0  , 0  , 0  , 0  , 0  , 0  , 0  , 0  , 0  , 5  , 0  , 0  , 0  , 1  , 0  , 0  , 2  , 0  , 1  , 10  , 0  , 0  , 0  , 0  , 0  , 0  , 0  , 0  , 0  , 0  , 0  , 0  , 0  , 0  , 0  , 0  , 0  , 0  , 0  , 0 
 GGG   , 0  , 0  , 0  , 0  , 0  , 0  , 0  , 0  , 0  , 0  , 0  , 0  , 0  , 0  , 0  , 0  , 0  , 0  , 0  , 0  , 0  , 0  , 0  , 0  , 0  , 0  , 1  , 0  , 0  , 0  , 0  , 0  , 0  , 0  , 1  , 0  , 0  , 0  , 0  , 0  , 3  , 0  , 0  , 2  , 0  , 0  , 0  , 0  , 0  , 0  , 0  , 0  , 0  , 0  , 0  , 0  , 0  , 0  , 0  , 0  , 0  , 0  , 0  , 0 
 GGT   , 0  , 0  , 0  , 0  , 0  , 0  , 0  , 0  , 0  , 0  , 0  , 0  , 0  , 0  , 0  , 0  , 0  , 0  , 0  , 0  , 0  , 0  , 0  , 0  , 0  , 0  , 0  , 0  , 0  , 0  , 0  , 0  , 0  , 0  , 0  , 0  , 0  , 0  , 0  , 0  , 0  , 1  , 0  , 0  , 0  , 0  , 0  , 0  , 0  , 0  , 0  , 0  , 0  , 0  , 0  , 0  , 0  , 0  , 0  , 0  , 0  , 0  , 0  , 0 
 GTA   , 0  , 0  , 0  , 0  , 0  , 0  , 0  , 0  , 0  , 0  , 0  , 0  , 0  , 0  , 0  , 0  , 0  , 0  , 0  , 0  , 0  , 0  , 0  , 0  , 0  , 0  , 0  , 0  , 0  , 0  , 0  , 0  , 0  , 0  , 0  , 0  , 0  , 0  , 0  , 0  , 0  , 0  , 0  , 0  , 0  , 0  , 1  , 0  , 0  , 0  , 0  , 0  , 0  , 0  , 0  , 0  , 0  , 0  , 0  , 0  , 0  , 0  , 0  , 0 
 GTC   , 0  , 0  , 0  , 0  , 0  , 0  , 0  , 0  , 0  , 0  , 0  , 0  , 0  , 2  , 0  , 0  , 0  , 0  , 0  , 0  , 0  , 0  , 0  , 0  , 0  , 0  , 0  , 0  , 0  , 0  , 0  , 0  , 0  , 0  , 0  , 0  , 0  , 2  , 0  , 0  , 0  , 0  , 0  , 0  , 0  , 0  , 2  , 2  , 0  , 0  , 0  , 0  , 0  , 0  , 0  , 0  , 0  , 0  , 0  , 0  , 0  , 0  , 0  , 0 
 GTG   , 0  , 0  , 0  , 0  , 0  , 0  , 0  , 0  , 0  , 0  , 0  , 0  , 0  , 0  , 1  , 0  , 0  , 0  , 0  , 0  , 0  , 0  , 0  , 0  , 0  , 0  , 0  , 0  , 0  , 0  , 0  , 0  , 0  , 0  , 0  , 0  , 0  , 0  , 0  , 0  , 0  , 0  , 0  , 0  , 0  , 1  , 0  , 0  , 0  , 0  , 0  , 0  , 0  , 0  , 0  , 0  , 0  , 0  , 0  , 0  , 0  , 0  , 0  , 0 
 GTT   , 0  , 0  , 0  , 0  , 0  , 0  , 0  , 0  , 0  , 0  , 0  , 0  , 0  , 0  , 0  , 0  , 0  , 0  , 0  , 0  , 0  , 0  , 0  , 0  , 0  , 0  , 0  , 0  , 0  , 0  , 0  , 0  , 0  , 0  , 0  , 0  , 0  , 0  , 0  , 1  , 0  , 0  , 0  , 0  , 0  , 0  , 0  , 0  , 0  , 0  , 0  , 0  , 0  , 0  , 0  , 0  , 0  , 0  , 0  , 0  , 0  , 0  , 0  , 0 
 TAA   , 0  , 0  , 0  , 0  , 0  , 0  , 0  , 0  , 0  , 0  , 0  , 0  , 0  , 0  , 0  , 0  , 0  , 0  , 0  , 0  , 0  , 0  , 0  , 0  , 0  , 0  , 0  , 0  , 0  , 0  , 0  , 0  , 0  , 0  , 0  , 0  , 0  , 0  , 0  , 0  , 0  , 0  , 0  , 0  , 0  , 0  , 0  , 0  , 0  , 0  , 0  , 0  , 0  , 0  , 0  , 0  , 0  , 0  , 0  , 0  , 0  , 0  , 0  , 0 
 TAC   , 0  , 0  , 0  , 0  , 0  , 0  , 0  , 0  , 0  , 0  , 0  , 0  , 0  , 0  , 0  , 0  , 0  , 0  , 0  , 0  , 0  , 0  , 0  , 0  , 0  , 0  , 0  , 0  , 0  , 0  , 0  , 0  , 0  , 0  , 0  , 0  , 0  , 0  , 0  , 0  , 0  , 0  , 0  , 0  , 0  , 0  , 0  , 0  , 0  , 0  , 0  , 0  , 0  , 0  , 0  , 0  , 0  , 0  , 0  , 0  , 0  , 0  , 0  , 0 
 TAG   , 0  , 0  , 0  , 0  , 0  , 0  , 0  , 0  , 0  , 0  , 0  , 0  , 0  , 0  , 0  , 0  , 0  , 0  , 0  , 0  , 0  , 0  , 0  , 0  , 0  , 0  , 0  , 0  , 0  , 0  , 0  , 0  , 0  , 0  , 0  , 0  , 0  , 0  , 0  , 0  , 0  , 0  , 0  , 0  , 0  , 0  , 0  , 0  , 0  , 0  , 0  , 0  , 0  , 0  , 0  , 0  , 0  , 0  , 0  , 0  , 0  , 0  , 0  , 0 
 TAT   , 0  , 0  , 0  , 0  , 0  , 0  , 0  , 0  , 0  , 0  , 0  , 0  , 0  , 0  , 0  , 0  , 0  , 0  , 0  , 0  , 0  , 0  , 0  , 0  , 0  , 0  , 0  , 0  , 0  , 0  , 0  , 0  , 0  , 0  , 0  , 0  , 0  , 0  , 0  , 0  , 0  , 0  , 0  , 0  , 0  , 0  , 0  , 0  , 0  , 0  , 0  , 0  , 0  , 0  , 0  , 0  , 0  , 0  , 0  , 0  , 0  , 0  , 0  , 0 
 TCA   , 0  , 0  , 0  , 0  , 0  , 0  , 0  , 0  , 0  , 0  , 0  , 0  , 0  , 0  , 0  , 0  , 0  , 0  , 0  , 0  , 2  , 0  , 0  , 0  , 0  , 0  , 0  , 0  , 0  , 0  , 0  , 0  , 0  , 0  , 0  , 0  , 0  , 0  , 0  , 0  , 0  , 0  , 0  , 0  , 0  , 0  , 0  , 0  , 0  , 0  , 0  , 0  , 0  , 1  , 1  , 0  , 0  , 0  , 0  , 0  , 1  , 0  , 0  , 0 
 TCC   , 0  , 0  , 0  , 0  , 0  , 1  , 0  , 0  , 0  , 0  , 0  , 0  , 0  , 0  , 0  , 0  , 0  , 0  , 0  , 0  , 0  , 0  , 0  , 0  , 0  , 0  , 0  , 0  , 0  , 0  , 0  , 0  , 0  , 0  , 0  , 0  , 0  , 1  , 0  , 0  , 0  , 0  , 0  , 0  , 0  , 0  , 0  , 0  , 0  , 0  , 0  , 0  , 1  , 0  , 0  , 2  , 0  , 1  , 0  , 0  , 0  , 1  , 0  , 0 
 TCG   , 0  , 0  , 0  , 0  , 0  , 0  , 0  , 0  , 0  , 0  , 0  , 0  , 0  , 0  , 0  , 0  , 0  , 0  , 0  , 0  , 0  , 0  , 0  , 0  , 0  , 0  , 0  , 0  , 0  , 0  , 0  , 0  , 0  , 0  , 0  , 0  , 0  , 0  , 0  , 0  , 0  , 0  , 0  , 0  , 0  , 0  , 0  , 0  , 0  , 0  , 0  , 0  , 1  , 1  , 0  , 1  , 0  , 0  , 0  , 0  , 0  , 0  , 2  , 0 
 TCT   , 0  , 0  , 0  , 0  , 0  , 0  , 0  , 0  , 0  , 0  , 0  , 0  , 0  , 0  , 0  , 0  , 0  , 0  , 0  , 0  , 0  , 0  , 0  , 1  , 0  , 0  , 0  , 0  , 0  , 0  , 0  , 0  , 0  , 0  , 0  , 0  , 0  , 0  , 0  , 0  , 0  , 0  , 0  , 0  , 0  , 0  , 0  , 0  , 0  , 0  , 0  , 0  , 2  , 2  , 0  , 0  , 0  , 0  , 0  , 1  , 0  , 0  , 0  , 0 
 TGA   , 0  , 0  , 0  , 0  , 0  , 0  , 0  , 0  , 0  , 0  , 0  , 0  , 0  , 0  , 0  , 0  , 0  , 0  , 0  , 0  , 0  , 0  , 0  , 0  , 0  , 0  , 0  , 0  , 0  , 0  , 0  , 0  , 0  , 0  , 0  , 0  , 0  , 0  , 0  , 0  , 0  , 0  , 0  , 0  , 0  , 0  , 0  , 0  , 0  , 0  , 0  , 0  , 0  , 0  , 0  , 0  , 0  , 0  , 0  , 0  , 0  , 0  , 0  , 0 
 TGC   , 0  , 0  , 0  , 0  , 0  , 0  , 0  , 0  , 0  , 1  , 0  , 0  , 0  , 0  , 0  , 0  , 0  , 0  , 0  , 0  , 0  , 0  , 0  , 0  , 0  , 0  , 0  , 0  , 0  , 0  , 0  , 0  , 0  , 0  , 0  , 0  , 0  , 0  , 0  , 0  , 0  , 0  , 0  , 0  , 0  , 0  , 0  , 0  , 0  , 1  , 0  , 0  , 0  , 0  , 0  , 0  , 0  , 0  , 0  , 3  , 0  , 1  , 0  , 0 
 TGG   , 0  , 0  , 0  , 0  , 0  , 0  , 0  , 0  , 0  , 0  , 0  , 0  , 0  , 0  , 0  , 0  , 0  , 0  , 0  , 0  , 0  , 0  , 0  , 0  , 0  , 0  , 0  , 0  , 0  , 0  , 0  , 0  , 0  , 0  , 0  , 0  , 0  , 0  , 0  , 0  , 0  , 0  , 0  , 0  , 0  , 0  , 0  , 0  , 0  , 0  , 2  , 0  , 0  , 0  , 0  , 0  , 0  , 0  , 0  , 0  , 0  , 0  , 0  , 0 
 TGT   , 0  , 0  , 0  , 0  , 0  , 0  , 0  , 0  , 0  , 0  , 0  , 0  , 0  , 0  , 0  , 0  , 0  , 0  , 0  , 0  , 0  , 0  , 0  , 0  , 0  , 0  , 0  , 0  , 0  , 0  , 0  , 0  , 0  , 0  , 0  , 0  , 0  , 0  , 0  , 0  , 0  , 0  , 0  , 0  , 0  , 0  , 0  , 0  , 0  , 0  , 0  , 0  , 0  , 0  , 0  , 0  , 0  , 0  , 0  , 0  , 0  , 0  , 0  , 1 
 TTA   , 0  , 0  , 0  , 0  , 0  , 0  , 0  , 0  , 0  , 0  , 0  , 0  , 0  , 0  , 0  , 0  , 0  , 0  , 0  , 0  , 0  , 0  , 0  , 0  , 0  , 0  , 0  , 0  , 0  , 0  , 0  , 0  , 0  , 0  , 0  , 0  , 0  , 0  , 0  , 0  , 0  , 0  , 0  , 0  , 0  , 0  , 0  , 0  , 0  , 0  , 0  , 0  , 0  , 0  , 0  , 0  , 0  , 0  , 0  , 0  , 0  , 0  , 0  , 0 
 TTC   , 0  , 0  , 0  , 0  , 0  , 0  , 0  , 0  , 0  , 0  , 0  , 0  , 0  , 0  , 0  , 0  , 0  , 0  , 0  , 0  , 0  , 0  , 0  , 0  , 0  , 0  , 0  , 0  , 0  , 1  , 0  , 0  , 0  , 0  , 0  , 0  , 0  , 0  , 0  , 0  , 0  , 0  , 0  , 0  , 0  , 0  , 0  , 0  , 0  , 0  , 0  , 0  , 0  , 0  , 0  , 0  , 0  , 0  , 0  , 0  , 0  , 0  , 0  , 1 
 TTG   , 0  , 0  , 0  , 0  , 0  , 0  , 0  , 0  , 0  , 0  , 0  , 0  , 0  , 0  , 0  , 0  , 0  , 0  , 0  , 0  , 0  , 0  , 0  , 0  , 0  , 0  , 0  , 0  , 0  , 0  , 3  , 0  , 0  , 0  , 0  , 0  , 0  , 0  , 0  , 0  , 0  , 0  , 0  , 0  , 0  , 0  , 0  , 0  , 0  , 0  , 0  , 0  , 0  , 0  , 0  , 0  , 0  , 0  , 0  , 0  , 3  , 0  , 0  , 0 
 TTT   , 0  , 0  , 0  , 0  , 0  , 0  , 0  , 0  , 0  , 0  , 0  , 0  , 0  , 0  , 0  , 0  , 0  , 0  , 0  , 0  , 0  , 0  , 0  , 0  , 0  , 0  , 0  , 0  , 0  , 0  , 0  , 0  , 0  , 0  , 0  , 0  , 0  , 0  , 0  , 0  , 0  , 0  , 0  , 0  , 0  , 0  , 0  , 0  , 0  , 0  , 0  , 0  , 0  , 0  , 0  , 0  , 0  , 0  , 0  , 0  , 0  , 0  , 0  , 0 

# Amino acid change table

aa  , *  , A  , C  , D  , E  , F  , G  , H  , I  , K  , L  , M  , N  , P  , Q  , R  , S  , T  , V  , W  , Y 
 * , 0 , 0 , 0 , 0 , 0 , 0 , 0 , 0 , 0 , 0 , 0 , 0 , 0 , 0 , 0 , 0 , 0 , 0 , 0 , 0 , 0 
 A , 0 , 27 , 0 , 3 , 0 , 0 , 1 , 0 , 0 , 0 , 0 , 0 , 0 , 5 , 0 , 0 , 0 , 7 , 10 , 0 , 0 
 C , 0 , 0 , 3 , 0 , 0 , 2 , 0 , 0 , 0 , 0 , 0 , 0 , 0 , 0 , 0 , 0 , 1 , 0 , 0 , 0 , 1 
 D , 0 , 2 , 0 , 3 , 0 , 0 , 4 , 1 , 0 , 0 , 0 , 0 , 0 , 0 , 0 , 0 , 0 , 0 , 0 , 0 , 1 
 E , 0 , 0 , 0 , 6 , 6 , 0 , 0 , 0 , 0 , 1 , 0 , 0 , 0 , 0 , 1 , 0 , 0 , 0 , 0 , 0 , 0 
 F , 0 , 0 , 0 , 0 , 0 , 1 , 0 , 0 , 0 , 0 , 1 , 0 , 0 , 0 , 0 , 0 , 0 , 0 , 0 , 0 , 0 
 G , 0 , 1 , 0 , 5 , 1 , 0 , 21 , 0 , 0 , 0 , 0 , 0 , 0 , 0 , 0 , 3 , 3 , 0 , 0 , 0 , 0 
 H , 0 , 0 , 0 , 0 , 0 , 0 , 0 , 7 , 0 , 0 , 0 , 0 , 0 , 1 , 0 , 3 , 0 , 0 , 0 , 0 , 0 
 I , 0 , 0 , 0 , 0 , 0 , 0 , 0 , 0 , 3 , 0 , 0 , 0 , 0 , 0 , 0 , 0 , 0 , 0 , 2 , 0 , 0 
 K , 0 , 0 , 0 , 0 , 0 , 0 , 0 , 0 , 0 , 3 , 0 , 0 , 0 , 0 , 0 , 0 , 0 , 0 , 0 , 0 , 0 
 L , 0 , 0 , 0 , 0 , 0 , 1 , 0 , 0 , 1 , 0 , 27 , 0 , 0 , 1 , 0 , 0 , 0 , 0 , 0 , 0 , 0 
 M , 0 , 0 , 0 , 0 , 0 , 0 , 0 , 0 , 0 , 0 , 1 , 0 , 0 , 0 , 0 , 0 , 0 , 0 , 1 , 0 , 0 
 N , 0 , 0 , 0 , 1 , 0 , 0 , 0 , 0 , 0 , 2 , 0 , 0 , 4 , 0 , 0 , 0 , 1 , 0 , 0 , 0 , 0 
 P , 0 , 0 , 0 , 0 , 0 , 0 , 0 , 1 , 0 , 0 , 3 , 0 , 0 , 10 , 1 , 2 , 0 , 0 , 0 , 0 , 0 
 Q , 3 , 0 , 0 , 0 , 0 , 0 , 0 , 2 , 0 , 0 , 0 , 0 , 0 , 0 , 6 , 0 , 0 , 0 , 0 , 0 , 0 
 R , 1 , 0 , 2 , 0 , 0 , 0 , 3 , 1 , 0 , 1 , 0 , 0 , 0 , 1 , 0 , 16 , 0 , 0 , 0 , 2 , 0 
 S , 0 , 1 , 2 , 0 , 0 , 1 , 1 , 0 , 0 , 0 , 3 , 0 , 2 , 3 , 0 , 0 , 15 , 1 , 0 , 0 , 0 
 T , 0 , 4 , 0 , 0 , 0 , 0 , 0 , 0 , 1 , 0 , 0 , 1 , 0 , 0 , 0 , 0 , 2 , 14 , 0 , 0 , 0 
 V , 0 , 3 , 0 , 0 , 0 , 0 , 0 , 0 , 2 , 0 , 0 , 1 , 0 , 0 , 0 , 0 , 0 , 0 , 6 , 0 , 0 
 W , 2 , 0 , 0 , 0 , 0 , 0 , 0 , 0 , 0 , 0 , 0 , 0 , 0 , 0 , 0 , 0 , 0 , 0 , 0 , 0 , 0 
 Y , 0 , 0 , 0 , 0 , 0 , 0 , 0 , 0 , 0 , 0 , 0 , 0 , 0 , 0 , 0 , 0 , 0 , 0 , 0 , 0 , 0 

# Chromosome change table

1, Position,0,10000000,20000000,30000000,40000000,50000000,60000000,70000000,80000000,90000000,100000000,110000000,120000000,130000000,140000000,150000000,160000000,170000000,180000000,190000000,200000000,210000000,220000000,230000000,240000000,250000000,260000000,270000000,280000000,290000000,300000000
1,Count,0,0,0,0,0,0,0,0,0,22,0,0,0,0,0,0,0,0,0,0,0,0,0,92,0,0,0,0,0,0,0

2, Position,0,1000000,2000000,3000000,4000000,5000000,6000000,7000000,8000000,9000000,10000000,11000000,12000000,13000000,14000000,15000000,16000000,17000000,18000000,19000000,20000000,21000000,22000000,23000000,24000000,25000000,26000000,27000000,28000000,29000000,30000000,31000000,32000000,33000000,34000000,35000000,36000000,37000000,38000000,39000000,40000000,41000000,42000000,43000000,44000000,45000000,46000000,47000000,48000000,49000000,50000000,51000000,52000000,53000000,54000000,55000000,56000000,57000000,58000000,59000000,60000000,61000000,62000000,63000000,64000000,65000000,66000000,67000000,68000000,69000000,70000000,71000000,72000000,73000000,74000000,75000000,76000000,77000000,78000000,79000000,80000000,81000000,82000000,83000000,84000000,85000000,86000000,87000000,88000000,89000000,90000000,91000000,92000000,93000000,94000000,95000000,96000000,97000000,98000000,99000000,100000000,101000000,102000000,103000000,104000000,105000000,106000000,107000000,108000000,109000000,110000000,111000000,112000000,113000000,114000000,115000000,116000000,117000000,118000000,119000000,120000000,121000000,122000000,123000000,124000000,125000000,126000000,127000000,128000000,129000000,130000000,131000000,132000000,133000000,134000000,135000000,136000000,137000000,138000000,139000000,140000000,141000000,142000000,143000000,144000000,145000000,146000000,147000000,148000000,149000000,150000000,151000000,152000000,153000000,154000000,155000000,156000000,157000000,158000000,159000000,160000000,161000000,162000000,163000000,164000000,165000000,166000000,167000000,168000000,169000000,170000000,171000000,172000000,173000000,174000000,175000000,176000000,177000000,178000000,179000000,180000000,181000000,182000000,183000000,184000000,185000000,186000000,187000000,188000000,189000000,190000000,191000000,192000000,193000000,194000000,195000000,196000000,197000000,198000000,199000000,200000000,201000000,202000000,203000000,204000000,205000000,206000000,207000000,208000000,209000000,210000000,211000000,212000000,213000000,214000000,215000000,216000000,217000000,218000000,219000000,220000000,221000000,222000000,223000000,224000000,225000000,226000000,227000000,228000000,229000000,230000000,231000000,232000000,233000000,234000000,235000000,236000000,237000000
2,Count,0,0,0,0,0,0,0,0,0,0,0,0,36,0,0,0,0,0,0,0,0,0,0,0,0,0,0,0,0,0,0,0,0,65,0,0,0,0,0,0,0,0,0,0,0,0,0,0,0,0,0,0,0,0,0,0,0,0,0,0,0,0,0,0,0,0,0,0,0,0,0,0,0,0,0,0,0,0,0,0,0,0,0,0,0,0,0,0,0,0,0,0,0,0,0,0,0,0,0,0,0,0,0,0,0,0,0,0,0,0,0,0,0,0,0,0,0,0,0,0,0,0,0,0,0,0,0,0,0,0,0,0,0,0,0,0,0,0,0,0,0,0,0,0,0,0,0,0,0,0,0,0,0,0,0,0,0,0,0,0,0,0,0,0,0,0,0,0,0,0,0,0,0,0,0,0,0,0,0,0,0,0,0,0,0,0,0,0,0,0,0,0,0,0,0,0,0,0,0,0,0,0,0,0,0,0,0,0,0,0,0,0,0,0,0,0,0,0,0,197,0,0,0,0,0,0,0,0,0,0,0,0,0,0,0,0,0,0

3, Position,0,1000000,2000000,3000000,4000000,5000000,6000000,7000000,8000000,9000000,10000000,11000000,12000000,13000000,14000000,15000000,16000000,17000000,18000000,19000000,20000000,21000000,22000000,23000000,24000000,25000000,26000000,27000000,28000000,29000000,30000000,31000000,32000000,33000000,34000000,35000000,36000000,37000000,38000000,39000000,40000000,41000000,42000000,43000000,44000000,45000000,46000000,47000000,48000000,49000000,50000000,51000000,52000000,53000000,54000000,55000000,56000000,57000000,58000000,59000000,60000000,61000000,62000000,63000000,64000000,65000000,66000000,67000000,68000000,69000000,70000000,71000000,72000000,73000000,74000000,75000000,76000000,77000000,78000000,79000000,80000000,81000000,82000000,83000000,84000000,85000000,86000000,87000000,88000000,89000000,90000000,91000000,92000000,93000000,94000000,95000000,96000000,97000000,98000000,99000000,100000000,101000000,102000000,103000000,104000000,105000000,106000000,107000000,108000000,109000000,110000000,111000000,112000000,113000000,114000000,115000000,116000000,117000000,118000000,119000000,120000000,121000000,122000000,123000000,124000000,125000000,126000000,127000000,128000000,129000000,130000000,131000000,132000000,133000000,134000000,135000000,136000000,137000000,138000000,139000000,140000000,141000000,142000000,143000000,144000000,145000000,146000000,147000000,148000000,149000000,150000000,151000000,152000000,153000000,154000000,155000000,156000000,157000000,158000000,159000000,160000000,161000000,162000000,163000000,164000000,165000000,166000000,167000000,168000000,169000000,170000000,171000000,172000000,173000000,174000000,175000000,176000000,177000000,178000000,179000000,180000000,181000000,182000000,183000000,184000000,185000000,186000000,187000000,188000000,189000000,190000000,191000000,192000000,193000000,194000000,195000000,196000000,197000000,198000000,199000000,200000000,201000000,202000000,203000000,204000000,205000000,206000000,207000000,208000000,209000000,210000000,211000000,212000000,213000000,214000000,215000000,216000000,217000000,218000000,219000000,220000000,221000000,222000000,223000000,224000000,225000000,226000000,227000000,228000000,229000000,230000000,231000000,232000000
3,Count,0,0,0,83,29,0,0,0,0,0,0,0,0,0,0,0,0,0,0,0,0,0,0,0,0,0,0,0,0,0,0,0,0,0,0,0,0,0,0,0,0,0,0,0,0,0,0,0,0,0,0,0,0,0,0,0,0,0,0,0,0,0,0,0,0,0,0,0,0,0,0,0,0,0,0,0,0,0,0,0,0,0,0,0,0,0,0,0,0,0,0,0,0,0,0,0,0,0,0,0,0,0,0,0,0,0,0,0,0,0,0,0,0,0,0,0,0,0,0,0,0,0,0,0,0,0,0,0,0,0,0,0,0,0,0,0,0,0,0,0,0,0,0,0,0,0,0,0,0,0,0,0,0,0,0,0,0,0,0,0,0,0,0,0,0,0,0,0,0,0,0,0,0,0,0,0,0,0,0,0,0,0,0,0,0,0,0,0,0,0,0,0,0,0,0,0,0,0,0,0,0,0,0,0,0,0,0,0,0,0,0,0,0,0,0,0,0,0,141,0,0,0,0,0,0,0,0,0,0,0,0,0,0

7, Position,0,1000000,2000000,3000000,4000000,5000000,6000000,7000000,8000000,9000000,10000000,11000000,12000000,13000000,14000000,15000000,16000000,17000000,18000000,19000000,20000000,21000000,22000000,23000000,24000000,25000000,26000000,27000000,28000000,29000000,30000000,31000000,32000000,33000000,34000000,35000000,36000000,37000000,38000000,39000000,40000000,41000000,42000000,43000000,44000000,45000000,46000000,47000000,48000000,49000000,50000000,51000000,52000000,53000000,54000000,55000000,56000000,57000000,58000000,59000000,60000000,61000000,62000000,63000000,64000000,65000000,66000000,67000000,68000000,69000000,70000000,71000000,72000000,73000000,74000000,75000000,76000000,77000000,78000000,79000000,80000000,81000000,82000000,83000000,84000000,85000000,86000000,87000000,88000000,89000000,90000000,91000000,92000000,93000000,94000000,95000000,96000000,97000000,98000000,99000000,100000000,101000000,102000000,103000000,104000000,105000000,106000000,107000000,108000000,109000000,110000000,111000000,112000000,113000000,114000000,115000000,116000000,117000000,118000000,119000000,120000000,121000000,122000000,123000000,124000000,125000000,126000000,127000000,128000000,129000000,130000000,131000000,132000000,133000000,134000000,135000000,136000000,137000000,138000000,139000000,140000000,141000000,142000000,143000000,144000000,145000000,146000000,147000000,148000000,149000000,150000000,151000000,152000000,153000000,154000000,155000000,156000000,157000000,158000000,159000000,160000000,161000000,162000000,163000000,164000000,165000000,166000000,167000000,168000000,169000000,170000000,171000000,172000000,173000000,174000000,175000000,176000000
7,Count,0,0,0,0,0,0,0,0,0,0,0,0,0,0,0,0,0,0,0,0,0,0,0,0,0,0,0,0,0,0,0,0,0,0,0,0,0,0,0,0,0,0,0,0,0,0,0,0,0,0,0,0,0,0,0,0,0,0,0,0,0,0,0,0,0,0,0,0,0,0,0,0,0,0,0,0,0,0,0,0,0,0,0,0,0,0,0,0,0,0,0,0,0,0,0,0,0,0,0,0,0,0,0,0,0,0,0,0,0,0,0,0,0,0,0,0,0,0,0,0,0,0,0,0,0,0,0,0,0,0,0,0,0,0,0,0,0,0,0,0,0,0,0,0,0,0,0,0,0,0,0,0,0,0,0,0,0,0,0,0,0,0,0,0,0,0,0,0,0,0,0,0,0,0,0,21,0

8, Position,0,1000000,2000000,3000000,4000000,5000000,6000000,7000000,8000000,9000000,10000000,11000000,12000000,13000000,14000000,15000000,16000000,17000000,18000000,19000000,20000000,21000000,22000000,23000000,24000000,25000000,26000000,27000000,28000000,29000000,30000000,31000000,32000000,33000000,34000000,35000000,36000000,37000000,38000000,39000000,40000000,41000000,42000000,43000000,44000000,45000000,46000000,47000000,48000000,49000000,50000000,51000000,52000000,53000000,54000000,55000000,56000000,57000000,58000000,59000000,60000000,61000000,62000000,63000000,64000000,65000000,66000000,67000000,68000000,69000000,70000000,71000000,72000000,73000000,74000000,75000000,76000000,77000000,78000000,79000000,80000000,81000000,82000000,83000000,84000000,85000000,86000000,87000000,88000000,89000000,90000000,91000000,92000000,93000000,94000000,95000000,96000000,97000000,98000000,99000000,100000000,101000000,102000000,103000000,104000000,105000000,106000000,107000000,108000000,109000000,110000000,111000000,112000000,113000000,114000000,115000000,116000000,117000000,118000000,119000000,120000000,121000000,122000000,123000000,124000000,125000000,126000000,127000000,128000000,129000000,130000000,131000000,132000000,133000000,134000000,135000000,136000000,137000000,138000000,139000000,140000000,141000000,142000000,143000000,144000000,145000000,146000000,147000000,148000000,149000000,150000000,151000000,152000000,153000000,154000000,155000000,156000000,157000000,158000000,159000000,160000000,161000000,162000000,163000000,164000000,165000000,166000000,167000000,168000000,169000000,170000000,171000000,172000000,173000000,174000000,175000000
8,Count,0,0,0,0,0,0,0,0,0,0,0,0,0,0,0,0,0,0,0,0,0,0,0,0,0,0,0,0,0,0,0,0,0,0,0,0,0,0,0,0,0,0,0,0,0,0,0,0,0,0,0,0,0,0,0,0,0,0,0,0,0,0,0,0,0,0,0,0,0,0,0,0,0,0,0,0,0,0,0,0,0,0,0,0,0,0,0,0,0,0,0,0,0,0,0,0,0,0,0,0,0,0,0,0,0,0,0,0,0,0,0,0,0,0,0,0,0,0,0,0,0,0,0,48,0,0,0,0,0,0,0,135,0,0,0,0,0,0,0,0,0,0,0,0,0,0,0,0,0,0,0,0,0,0,0,0,0,0,0,0,0,0,0,0,0,0,0,0,0,0,0,0,0,0,0,0

9, Position,0,1000000,2000000,3000000,4000000,5000000,6000000,7000000,8000000,9000000,10000000,11000000,12000000,13000000,14000000,15000000,16000000,17000000,18000000,19000000,20000000,21000000,22000000,23000000,24000000,25000000,26000000,27000000,28000000,29000000,30000000,31000000,32000000,33000000,34000000,35000000,36000000,37000000,38000000,39000000,40000000,41000000,42000000,43000000,44000000,45000000,46000000,47000000,48000000,49000000,50000000,51000000,52000000,53000000,54000000,55000000,56000000,57000000,58000000,59000000,60000000,61000000,62000000,63000000,64000000,65000000,66000000,67000000,68000000,69000000,70000000,71000000,72000000,73000000,74000000,75000000,76000000,77000000,78000000,79000000,80000000,81000000,82000000,83000000,84000000,85000000,86000000,87000000,88000000,89000000,90000000,91000000,92000000,93000000,94000000,95000000,96000000,97000000,98000000,99000000,100000000,101000000,102000000,103000000,104000000,105000000,106000000,107000000,108000000,109000000,110000000,111000000,112000000,113000000,114000000,115000000,116000000,117000000,118000000,119000000,120000000,121000000,122000000,123000000,124000000,125000000,126000000,127000000,128000000,129000000,130000000,131000000,132000000,133000000,134000000,135000000,136000000,137000000,138000000,139000000,140000000,141000000,142000000,143000000,144000000,145000000,146000000,147000000,148000000,149000000,150000000,151000000,152000000,153000000,154000000,155000000,156000000,157000000
9,Count,0,0,0,0,0,0,0,0,0,0,0,0,0,0,0,0,0,0,0,0,0,0,0,0,0,0,0,0,0,0,0,0,0,0,0,103,0,0,0,0,0,0,0,0,0,0,0,0,0,0,0,0,0,0,0,0,0,0,0,0,0,0,0,0,0,0,0,0,0,0,0,0,0,0,0,0,0,0,0,0,0,0,0,0,0,0,0,0,0,0,0,0,0,0,0,0,0,0,0,0,0,0,0,0,0,0,39,0,67,0,0,0,0,0,0,0,0,0,0,0,0,0,0,48,0,0,0,0,0,0,0,0,0,0,0,78,0,0,0,0,0,0,0,0,0,0,0,0,0,0,0,0,0,0,0,0,0,0

10, Position,0,1000000,2000000,3000000,4000000,5000000,6000000,7000000,8000000,9000000,10000000,11000000,12000000,13000000,14000000,15000000,16000000,17000000,18000000,19000000,20000000,21000000,22000000,23000000,24000000,25000000,26000000,27000000,28000000,29000000,30000000,31000000,32000000,33000000,34000000,35000000,36000000,37000000,38000000,39000000,40000000,41000000,42000000,43000000,44000000,45000000,46000000,47000000,48000000,49000000,50000000,51000000,52000000,53000000,54000000,55000000,56000000,57000000,58000000,59000000,60000000,61000000,62000000,63000000,64000000,65000000,66000000,67000000,68000000,69000000,70000000,71000000,72000000,73000000,74000000,75000000,76000000,77000000,78000000,79000000,80000000,81000000,82000000,83000000,84000000,85000000,86000000,87000000,88000000,89000000,90000000,91000000,92000000,93000000,94000000,95000000,96000000,97000000,98000000,99000000,100000000,101000000,102000000,103000000,104000000,105000000,106000000,107000000,108000000,109000000,110000000,111000000,112000000,113000000,114000000,115000000,116000000,117000000,118000000,119000000,120000000,121000000,122000000,123000000,124000000,125000000,126000000,127000000,128000000,129000000,130000000,131000000,132000000,133000000,134000000,135000000,136000000,137000000,138000000,139000000,140000000,141000000,142000000,143000000,144000000,145000000,146000000,147000000,148000000,149000000
10,Count,0,0,0,0,0,0,0,0,0,0,0,0,0,0,0,0,0,0,0,0,0,0,0,0,0,0,0,0,0,0,0,0,0,0,0,0,0,0,0,0,0,0,0,0,0,0,0,0,0,0,0,0,0,0,0,0,0,0,0,0,0,0,0,0,0,0,0,0,0,0,0,0,0,0,0,0,0,0,0,0,0,0,0,0,0,0,0,0,0,0,0,0,0,0,63,0,0,0,0,0,0,0,0,0,0,0,0,0,0,0,0,0,0,0,0,0,0,0,0,0,0,0,0,0,0,0,0,0,0,0,0,0,0,0,0,0,0,0,0,0,0,0,0,0,0,0,0,0,0,0

